31131: [0, 2, 0, 0, 2, 2, 2, 0, 2, 2]: 2: False
31131: [2, 0, 0, 2, 2, 2, 0, 2, 2, 2]: 42: False
31131: [0, 0, 2, 2, 2, 0, 2, 2, 2, 42]: 2: False
31131: [0, 2, 2, 2, 0, 2, 2, 2, 42, 2]: 0: False
31131: [2, 2, 2, 0, 2, 2, 2, 42, 2, 0]: 0: False
31131: [2, 2, 0, 2, 2, 2, 42, 2, 0, 0]: 0: False
31131: [2, 0, 2, 2, 2, 42, 2, 0, 0, 0]: 2: False
31131: [0, 2, 2, 2, 42, 2, 0, 0, 0, 2]: 0: False
31131: [2, 2, 2, 42, 2, 0, 0, 0, 2, 0]: 0: False
31131: [2, 2, 42, 2, 0, 0, 0, 2, 0, 0]: 0: False
31131: [2, 42, 2, 0, 0, 0, 2, 0, 0, 0]: 2: False
31131: [42, 2, 0, 0, 0, 2, 0, 0, 0, 2]: 0: False
31131: [2, 0, 0, 0, 2, 0, 0, 0, 2, 0]: 0: False
31131: [0, 0, 0, 2, 0, 0, 0, 2, 0, 0]: 0: False
31131: [0, 0, 2, 0, 0, 0, 2, 0, 0, 0]: 2: False
31131: [0, 2, 0, 0, 0, 2, 0, 0, 0, 2]: 0: False
31131: [2, 0, 0, 0, 2, 0, 0, 0, 2, 0]: 0: False
31131: [0, 0, 0, 2, 0, 0, 0, 2, 0, 0]: 0: False
31131: [0, 0, 2, 0, 0, 0, 2, 0, 0, 0]: 2: False
31131: [0, 2, 0, 0, 0, 2, 0, 0, 0, 2]: 0: False
31131: [2, 0, 0, 0, 2, 0, 0, 0, 2, 0]: 0: False
31131: [0, 0, 0, 2, 0, 0, 0, 2, 0, 0]: 0: False
31131: [0, 0, 2, 0, 0, 0, 2, 0, 0, 0]: 2: False
31131: [0, 2, 0, 0, 0, 2, 0, 0, 0, 2]: 0: False
31131: [2, 0, 0, 0, 2, 0, 0, 0, 2, 0]: 0: False
31131: [0, 0, 0, 2, 0, 0, 0, 2, 0, 0]: 0: False
31131: [0, 0, 2, 0, 0, 0, 2, 0, 0, 0]: 2: False
31131: [0, 2, 0, 0, 0, 2, 0, 0, 0, 2]: 0: False
31131: [2, 0, 0, 0, 2, 0, 0, 0, 2, 0]: 0: False
31131: [0, 0, 0, 2, 0, 0, 0, 2, 0, 0]: 0: False
31131: [0, 0, 2, 0, 0, 0, 2, 0, 0, 0]: 2: False
31131: [0, 2, 0, 0, 0, 2, 0, 0, 0, 2]: 2: False
31131: [2, 0, 0, 0, 2, 0, 0, 0, 2, 2]: 0: False
31131: [0, 0, 0, 2, 0, 0, 0, 2, 2, 0]: 0: False
31131: [0, 0, 2, 0, 0, 0, 2, 2, 0, 0]: 0: False
31131: [0, 2, 0, 0, 0, 2, 2, 0, 0, 0]: 2: False
31131: [2, 0, 0, 0, 2, 2, 0, 0, 0, 2]: 2: False
31131: [0, 0, 0, 2, 2, 0, 0, 0, 2, 2]: 20: False
31131: [0, 0, 2, 2, 0, 0, 0, 2, 2, 20]: 2: False
31131: [0, 2, 2, 0, 0, 0, 2, 2, 20, 2]: 0: False
31131: [2, 2, 0, 0, 0, 2, 2, 20, 2, 0]: 0: False
31131: [2, 0, 0, 0, 2, 2, 20, 2, 0, 0]: 0: False
31131: [0, 0, 0, 2, 2, 20, 2, 0, 0, 0]: 2: False
31131: [0, 0, 2, 2, 20, 2, 0, 0, 0, 2]: 0: False
31131: [0, 2, 2, 20, 2, 0, 0, 0, 2, 0]: 0: False
31131: [2, 2, 20, 2, 0, 0, 0, 2, 0, 0]: 0: False
31131: [2, 20, 2, 0, 0, 0, 2, 0, 0, 0]: 2: False
31131: [20, 2, 0, 0, 0, 2, 0, 0, 0, 2]: 0: False
31131: [2, 0, 0, 0, 2, 0, 0, 0, 2, 0]: 0: False
31131: [0, 0, 0, 2, 0, 0, 0, 2, 0, 0]: 0: False
31131: [0, 0, 2, 0, 0, 0, 2, 0, 0, 0]: 2: False
31131: [0, 2, 0, 0, 0, 2, 0, 0, 0, 2]: 0: False
31131: [2, 0, 0, 0, 2, 0, 0, 0, 2, 0]: 0: False
31131: [0, 0, 0, 2, 0, 0, 0, 2, 0, 0]: 0: False
31131: [0, 0, 2, 0, 0, 0, 2, 0, 0, 0]: 2: False
31131: [0, 2, 0, 0, 0, 2, 0, 0, 0, 2]: 0: False
31131: [2, 0, 0, 0, 2, 0, 0, 0, 2, 0]: 0: False
31131: [0, 0, 0, 2, 0, 0, 0, 2, 0, 0]: 0: False
31131: [0, 0, 2, 0, 0, 0, 2, 0, 0, 0]: 2: False
31131: [0, 2, 0, 0, 0, 2, 0, 0, 0, 2]: 0: False
31131: [2, 0, 0, 0, 2, 0, 0, 0, 2, 0]: 0: False
31131: [0, 0, 0, 2, 0, 0, 0, 2, 0, 0]: 0: False
31131: [0, 0, 2, 0, 0, 0, 2, 0, 0, 0]: 2: False
31131: [0, 2, 0, 0, 0, 2, 0, 0, 0, 2]: 0: False
31131: [2, 0, 0, 0, 2, 0, 0, 0, 2, 0]: 0: False
31131: [0, 0, 0, 2, 0, 0, 0, 2, 0, 0]: 0: False
31131: [0, 0, 2, 0, 0, 0, 2, 0, 0, 0]: 0: False
31131: [0, 2, 0, 0, 0, 2, 0, 0, 0, 0]: 20: False
31131: [2, 0, 0, 0, 2, 0, 0, 0, 0, 20]: 1: False
31221: [0, 2, 0, 0, 0, 2, 2, 1, 2, 2]: 2: False
31221: [2, 0, 0, 0, 2, 2, 1, 2, 2, 2]: 0: False
31221: [0, 0, 0, 2, 2, 1, 2, 2, 2, 0]: 0: False
31221: [0, 0, 2, 2, 1, 2, 2, 2, 0, 0]: 0: False
31221: [0, 2, 2, 1, 2, 2, 2, 0, 0, 0]: 42: False
31221: [2, 2, 1, 2, 2, 2, 0, 0, 0, 42]: 1: False
31221: [2, 1, 2, 2, 2, 0, 0, 0, 42, 1]: 1: False
31221: [1, 2, 2, 2, 0, 0, 0, 42, 1, 1]: 1: False
31221: [2, 2, 2, 0, 0, 0, 42, 1, 1, 1]: 1: False
31221: [2, 2, 0, 0, 0, 42, 1, 1, 1, 1]: 1: False
31221: [2, 0, 0, 0, 42, 1, 1, 1, 1, 1]: 1: False
31221: [0, 0, 0, 42, 1, 1, 1, 1, 1, 1]: 1: False
31221: [0, 0, 42, 1, 1, 1, 1, 1, 1, 1]: 1: False
31221: [0, 42, 1, 1, 1, 1, 1, 1, 1, 1]: 1: False
31221: [42, 1, 1, 1, 1, 1, 1, 1, 1, 1]: 1: False
31221: [1, 1, 1, 1, 1, 1, 1, 1, 1, 1]: 1: False
31221: [1, 1, 1, 1, 1, 1, 1, 1, 1, 1]: 1: False
31221: [1, 1, 1, 1, 1, 1, 1, 1, 1, 1]: 1: False
31221: [1, 1, 1, 1, 1, 1, 1, 1, 1, 1]: 1: False
31221: [1, 1, 1, 1, 1, 1, 1, 1, 1, 1]: 1: False
31221: [1, 1, 1, 1, 1, 1, 1, 1, 1, 1]: 1: False
31221: [1, 1, 1, 1, 1, 1, 1, 1, 1, 1]: 1: False
31221: [1, 1, 1, 1, 1, 1, 1, 1, 1, 1]: 1: False
31221: [1, 1, 1, 1, 1, 1, 1, 1, 1, 1]: 1: False
31221: [1, 1, 1, 1, 1, 1, 1, 1, 1, 1]: 1: False
31221: [1, 1, 1, 1, 1, 1, 1, 1, 1, 1]: 1: False
31221: [1, 1, 1, 1, 1, 1, 1, 1, 1, 1]: 1: False
31221: [1, 1, 1, 1, 1, 1, 1, 1, 1, 1]: 1: False
31221: [1, 1, 1, 1, 1, 1, 1, 1, 1, 1]: 1: False
31221: [1, 1, 1, 1, 1, 1, 1, 1, 1, 1]: 1: False
31221: [1, 1, 1, 1, 1, 1, 1, 1, 1, 1]: 1: False
31221: [1, 1, 1, 1, 1, 1, 1, 1, 1, 1]: 1: False
31221: [1, 1, 1, 1, 1, 1, 1, 1, 1, 1]: 1: False
31221: [1, 1, 1, 1, 1, 1, 1, 1, 1, 1]: 1: False
31221: [1, 1, 1, 1, 1, 1, 1, 1, 1, 1]: 1: False
31221: [1, 1, 1, 1, 1, 1, 1, 1, 1, 1]: 1: False
31221: [1, 1, 1, 1, 1, 1, 1, 1, 1, 1]: 1: False
31221: [1, 1, 1, 1, 1, 1, 1, 1, 1, 1]: 1: False
31221: [1, 1, 1, 1, 1, 1, 1, 1, 1, 1]: 1: False
31221: [1, 1, 1, 1, 1, 1, 1, 1, 1, 1]: 1: False
31221: [1, 1, 1, 1, 1, 1, 1, 1, 1, 1]: 1: False
31221: [1, 1, 1, 1, 1, 1, 1, 1, 1, 1]: 2: False
31221: [1, 1, 1, 1, 1, 1, 1, 1, 1, 2]: 0: False
31221: [1, 1, 1, 1, 1, 1, 1, 1, 2, 0]: 1: False
31221: [1, 1, 1, 1, 1, 1, 1, 2, 0, 1]: 1: False
31221: [1, 1, 1, 1, 1, 1, 2, 0, 1, 1]: 1: False
31221: [1, 1, 1, 1, 1, 2, 0, 1, 1, 1]: 1: False
31221: [1, 1, 1, 1, 2, 0, 1, 1, 1, 1]: 20: False
31221: [1, 1, 1, 2, 0, 1, 1, 1, 1, 20]: 20: False
31221: [1, 1, 2, 0, 1, 1, 1, 1, 20, 20]: 20: False
31221: [1, 2, 0, 1, 1, 1, 1, 20, 20, 20]: 20: False
31221: [2, 0, 1, 1, 1, 1, 20, 20, 20, 20]: 0: False
31221: [0, 1, 1, 1, 1, 20, 20, 20, 20, 0]: 20: False
31221: [1, 1, 1, 1, 20, 20, 20, 20, 0, 20]: 1: False
31221: [1, 1, 1, 20, 20, 20, 20, 0, 20, 1]: 0: False
31221: [1, 1, 20, 20, 20, 20, 0, 20, 1, 0]: 2: False
31221: [1, 20, 20, 20, 20, 0, 20, 1, 0, 2]: 0: False
31221: [20, 20, 20, 20, 0, 20, 1, 0, 2, 0]: 0: False
31221: [20, 20, 20, 0, 20, 1, 0, 2, 0, 0]: 0: False
31221: [20, 20, 0, 20, 1, 0, 2, 0, 0, 0]: 2: False
31221: [20, 0, 20, 1, 0, 2, 0, 0, 0, 2]: 0: False
31221: [0, 20, 1, 0, 2, 0, 0, 0, 2, 0]: 0: False
31221: [20, 1, 0, 2, 0, 0, 0, 2, 0, 0]: 0: False
31221: [1, 0, 2, 0, 0, 0, 2, 0, 0, 0]: 2: False
31221: [0, 2, 0, 0, 0, 2, 0, 0, 0, 2]: 2: False
31221: [2, 0, 0, 0, 2, 0, 0, 0, 2, 2]: 2: False
31221: [0, 0, 0, 2, 0, 0, 0, 2, 2, 2]: 20: False
31221: [0, 0, 2, 0, 0, 0, 2, 2, 2, 20]: 20: False
31221: [0, 2, 0, 0, 0, 2, 2, 2, 20, 20]: 1: False
31221: [2, 0, 0, 0, 2, 2, 2, 20, 20, 1]: 0: False
31221: [0, 0, 0, 2, 2, 2, 20, 20, 1, 0]: 0: False
31221: [0, 0, 2, 2, 2, 20, 20, 1, 0, 0]: 2: False
31221: [0, 2, 2, 2, 20, 20, 1, 0, 0, 2]: 0: False
31221: [2, 2, 2, 20, 20, 1, 0, 0, 2, 0]: 0: False
31221: [2, 2, 20, 20, 1, 0, 0, 2, 0, 0]: 0: False
31221: [2, 20, 20, 1, 0, 0, 2, 0, 0, 0]: 2: False
31221: [20, 20, 1, 0, 0, 2, 0, 0, 0, 2]: 0: False
31221: [20, 1, 0, 0, 2, 0, 0, 0, 2, 0]: 0: False
31221: [1, 0, 0, 2, 0, 0, 0, 2, 0, 0]: 0: False
31221: [0, 0, 2, 0, 0, 0, 2, 0, 0, 0]: 2: False
31221: [0, 2, 0, 0, 0, 2, 0, 0, 0, 2]: 2: False
31221: [2, 0, 0, 0, 2, 0, 0, 0, 2, 2]: 2: False
31221: [0, 0, 0, 2, 0, 0, 0, 2, 2, 2]: 0: False
31221: [0, 0, 2, 0, 0, 0, 2, 2, 2, 0]: 20: False
31221: [0, 2, 0, 0, 0, 2, 2, 2, 0, 20]: 1: False
31221: [2, 0, 0, 0, 2, 2, 2, 0, 20, 1]: 0: False
31221: [0, 0, 0, 2, 2, 2, 0, 20, 1, 0]: 2: False
31221: [0, 0, 2, 2, 2, 0, 20, 1, 0, 2]: 0: False
31221: [0, 2, 2, 2, 0, 20, 1, 0, 2, 0]: 0: False
31221: [2, 2, 2, 0, 20, 1, 0, 2, 0, 0]: 0: False
31221: [2, 2, 0, 20, 1, 0, 2, 0, 0, 0]: 2: False
31221: [2, 0, 20, 1, 0, 2, 0, 0, 0, 2]: 0: False
31221: [0, 20, 1, 0, 2, 0, 0, 0, 2, 0]: 0: False
31221: [20, 1, 0, 2, 0, 0, 0, 2, 0, 0]: 0: False
31221: [1, 0, 2, 0, 0, 0, 2, 0, 0, 0]: 2: False
31221: [0, 2, 0, 0, 0, 2, 0, 0, 0, 2]: 2: False
31221: [2, 0, 0, 0, 2, 0, 0, 0, 2, 2]: 2: False
31221: [0, 0, 0, 2, 0, 0, 0, 2, 2, 2]: 0: False
31221: [0, 0, 2, 0, 0, 0, 2, 2, 2, 0]: 20: False
31221: [0, 2, 0, 0, 0, 2, 2, 2, 0, 20]: 1: False
31404: [2, 0, 0, 20, 0, 0, 0, 2, 0, 0]: 0: False
31221: [2, 0, 0, 0, 2, 2, 2, 0, 20, 1]: 0: False
31221: [0, 0, 0, 2, 2, 2, 0, 20, 1, 0]: 2: False
31221: [0, 0, 2, 2, 2, 0, 20, 1, 0, 2]: 0: False
31404: [0, 0, 20, 0, 0, 0, 2, 0, 0, 0]: 2: False
31404: [0, 20, 0, 0, 0, 2, 0, 0, 0, 2]: 0: False
31404: [20, 0, 0, 0, 2, 0, 0, 0, 2, 0]: 0: False
31404: [0, 0, 0, 2, 0, 0, 0, 2, 0, 0]: 0: False
31221: [0, 2, 2, 2, 0, 20, 1, 0, 2, 0]: 0: False
31404: [0, 0, 2, 0, 0, 0, 2, 0, 0, 0]: 2: False
31404: [0, 2, 0, 0, 0, 2, 0, 0, 0, 2]: 2: False
31221: [2, 2, 2, 0, 20, 1, 0, 2, 0, 0]: 0: False
31404: [2, 0, 0, 0, 2, 0, 0, 0, 2, 2]: 2: False
31404: [0, 0, 0, 2, 0, 0, 0, 2, 2, 2]: 0: False
31404: [0, 0, 2, 0, 0, 0, 2, 2, 2, 0]: 20: False
31404: [0, 2, 0, 0, 0, 2, 2, 2, 0, 20]: 1: False
31221: [2, 2, 0, 20, 1, 0, 2, 0, 0, 0]: 2: False
31221: [2, 0, 20, 1, 0, 2, 0, 0, 0, 2]: 0: False
31221: [0, 20, 1, 0, 2, 0, 0, 0, 2, 0]: 0: False
31221: [20, 1, 0, 2, 0, 0, 0, 2, 0, 0]: 0: False
31221: [1, 0, 2, 0, 0, 0, 2, 0, 0, 0]: 2: False
31221: [0, 2, 0, 0, 0, 2, 0, 0, 0, 2]: 2: False
31221: [2, 0, 0, 0, 2, 0, 0, 0, 2, 2]: 2: False
31221: [0, 0, 0, 2, 0, 0, 0, 2, 2, 2]: 0: False
31221: [0, 0, 2, 0, 0, 0, 2, 2, 2, 0]: 20: False
31221: [0, 2, 0, 0, 0, 2, 2, 2, 0, 20]: 1: False
31093: [2, 0, 0, 20, 0, 0, 0, 2, 0, 0]: 0: False
31093: [0, 0, 20, 0, 0, 0, 2, 0, 0, 0]: 2: False
31093: [0, 20, 0, 0, 0, 2, 0, 0, 0, 2]: 0: False
31093: [20, 0, 0, 0, 2, 0, 0, 0, 2, 0]: 0: False
31093: [0, 0, 0, 2, 0, 0, 0, 2, 0, 0]: 0: False
31093: [0, 0, 2, 0, 0, 0, 2, 0, 0, 0]: 2: False
31093: [0, 2, 0, 0, 0, 2, 0, 0, 0, 2]: 2: False
31093: [2, 0, 0, 0, 2, 0, 0, 0, 2, 2]: 2: False
31093: [0, 0, 0, 2, 0, 0, 0, 2, 2, 2]: 0: False
31093: [0, 0, 2, 0, 0, 0, 2, 2, 2, 0]: 20: False
31093: [0, 2, 0, 0, 0, 2, 2, 2, 0, 20]: 1: False
31131: [0, 0, 0, 2, 0, 0, 0, 0, 20, 1]: 0: False
31131: [0, 0, 2, 0, 0, 0, 0, 20, 1, 0]: 0: False
31131: [0, 2, 0, 0, 0, 0, 20, 1, 0, 0]: 0: False
31221: [2, 0, 0, 0, 2, 2, 2, 0, 20, 1]: 0: False
31221: [0, 0, 0, 2, 2, 2, 0, 20, 1, 0]: 2: False
31221: [0, 0, 2, 2, 2, 0, 20, 1, 0, 2]: 0: False
31221: [0, 2, 2, 2, 0, 20, 1, 0, 2, 0]: 0: False
31221: [2, 2, 2, 0, 20, 1, 0, 2, 0, 0]: 0: False
31221: [2, 2, 0, 20, 1, 0, 2, 0, 0, 0]: 2: False
31221: [2, 0, 20, 1, 0, 2, 0, 0, 0, 2]: 2: False
31221: [0, 20, 1, 0, 2, 0, 0, 0, 2, 2]: 1: False
31221: [20, 1, 0, 2, 0, 0, 0, 2, 2, 1]: 2: False
31221: [1, 0, 2, 0, 0, 0, 2, 2, 1, 2]: 2: False
31221: [0, 2, 0, 0, 0, 2, 2, 1, 2, 2]: 2: False
31221: [2, 0, 0, 0, 2, 2, 1, 2, 2, 2]: 0: False
31221: [0, 0, 0, 2, 2, 1, 2, 2, 2, 0]: 0: False
31221: [0, 0, 2, 2, 1, 2, 2, 2, 0, 0]: 0: False
31221: [0, 2, 2, 1, 2, 2, 2, 0, 0, 0]: 42: False
31221: [2, 2, 1, 2, 2, 2, 0, 0, 0, 42]: 1: False
31221: [2, 1, 2, 2, 2, 0, 0, 0, 42, 1]: 1: False
31221: [1, 2, 2, 2, 0, 0, 0, 42, 1, 1]: 1: False
31221: [2, 2, 2, 0, 0, 0, 42, 1, 1, 1]: 1: False
31221: [2, 2, 0, 0, 0, 42, 1, 1, 1, 1]: 1: False
31221: [2, 0, 0, 0, 42, 1, 1, 1, 1, 1]: 1: False
31221: [0, 0, 0, 42, 1, 1, 1, 1, 1, 1]: 1: False
31221: [0, 0, 42, 1, 1, 1, 1, 1, 1, 1]: 1: False
31221: [0, 42, 1, 1, 1, 1, 1, 1, 1, 1]: 1: False
31221: [42, 1, 1, 1, 1, 1, 1, 1, 1, 1]: 1: False
31221: [1, 1, 1, 1, 1, 1, 1, 1, 1, 1]: 1: False
31221: [1, 1, 1, 1, 1, 1, 1, 1, 1, 1]: 1: False
31221: [1, 1, 1, 1, 1, 1, 1, 1, 1, 1]: 1: False
31221: [1, 1, 1, 1, 1, 1, 1, 1, 1, 1]: 1: False
31221: [1, 1, 1, 1, 1, 1, 1, 1, 1, 1]: 1: False
31221: [1, 1, 1, 1, 1, 1, 1, 1, 1, 1]: 1: False
31221: [1, 1, 1, 1, 1, 1, 1, 1, 1, 1]: 1: False
31221: [1, 1, 1, 1, 1, 1, 1, 1, 1, 1]: 1: False
31221: [1, 1, 1, 1, 1, 1, 1, 1, 1, 1]: 1: False
31221: [1, 1, 1, 1, 1, 1, 1, 1, 1, 1]: 1: False
31221: [1, 1, 1, 1, 1, 1, 1, 1, 1, 1]: 1: False
31221: [1, 1, 1, 1, 1, 1, 1, 1, 1, 1]: 1: False
31221: [1, 1, 1, 1, 1, 1, 1, 1, 1, 1]: 1: False
31221: [1, 1, 1, 1, 1, 1, 1, 1, 1, 1]: 1: False
31221: [1, 1, 1, 1, 1, 1, 1, 1, 1, 1]: 1: False
31221: [1, 1, 1, 1, 1, 1, 1, 1, 1, 1]: 1: False
31221: [1, 1, 1, 1, 1, 1, 1, 1, 1, 1]: 1: False
31221: [1, 1, 1, 1, 1, 1, 1, 1, 1, 1]: 1: False
31221: [1, 1, 1, 1, 1, 1, 1, 1, 1, 1]: 1: False
31221: [1, 1, 1, 1, 1, 1, 1, 1, 1, 1]: 1: False
31221: [1, 1, 1, 1, 1, 1, 1, 1, 1, 1]: 1: False
31221: [1, 1, 1, 1, 1, 1, 1, 1, 1, 1]: 1: False
31221: [1, 1, 1, 1, 1, 1, 1, 1, 1, 1]: 1: False
31221: [1, 1, 1, 1, 1, 1, 1, 1, 1, 1]: 1: False
31221: [1, 1, 1, 1, 1, 1, 1, 1, 1, 1]: 1: False
31221: [1, 1, 1, 1, 1, 1, 1, 1, 1, 1]: 1: False
31221: [1, 1, 1, 1, 1, 1, 1, 1, 1, 1]: 2: False
31221: [1, 1, 1, 1, 1, 1, 1, 1, 1, 2]: 0: False
31221: [1, 1, 1, 1, 1, 1, 1, 1, 2, 0]: 20: False
31221: [1, 1, 1, 1, 1, 1, 1, 2, 0, 20]: 20: False
31221: [1, 1, 1, 1, 1, 1, 2, 0, 20, 20]: 20: False
31221: [1, 1, 1, 1, 1, 2, 0, 20, 20, 20]: 20: False
31221: [1, 1, 1, 1, 2, 0, 20, 20, 20, 20]: 20: False
31221: [1, 1, 1, 2, 0, 20, 20, 20, 20, 20]: 20: False
31221: [1, 1, 2, 0, 20, 20, 20, 20, 20, 20]: 20: False
31221: [1, 2, 0, 20, 20, 20, 20, 20, 20, 20]: 20: False
31221: [2, 0, 20, 20, 20, 20, 20, 20, 20, 20]: 20: False
31221: [0, 20, 20, 20, 20, 20, 20, 20, 20, 20]: 20: False
31221: [20, 20, 20, 20, 20, 20, 20, 20, 20, 20]: 1: False
31221: [20, 20, 20, 20, 20, 20, 20, 20, 20, 1]: 0: False
31414: [0, 2, 0, 0, 2, 2, 2, 2, 2, 0]: 2: False
31414: [2, 0, 0, 2, 2, 2, 2, 2, 0, 2]: 2: False
31414: [0, 0, 2, 2, 2, 2, 2, 0, 2, 2]: 0: False
31414: [0, 2, 2, 2, 2, 2, 0, 2, 2, 0]: 0: False
31414: [2, 2, 2, 2, 2, 0, 2, 2, 0, 0]: 0: False
31414: [2, 2, 2, 2, 0, 2, 2, 0, 0, 0]: 0: False
31414: [2, 2, 2, 0, 2, 2, 0, 0, 0, 0]: 2: False
31414: [2, 2, 0, 2, 2, 0, 0, 0, 0, 2]: 2: False
31414: [2, 0, 2, 2, 0, 0, 0, 0, 2, 2]: 0: False
31414: [0, 2, 2, 0, 0, 0, 0, 2, 2, 0]: 0: False
31414: [2, 2, 0, 0, 0, 0, 2, 2, 0, 0]: 0: False
31414: [2, 0, 0, 0, 0, 2, 2, 0, 0, 0]: 42: False
31414: [0, 0, 0, 0, 2, 2, 0, 0, 0, 42]: 1: False
22454: [1, 1, 1, 1, 1, 1, 1, 1, 1, 1]: 1: False
22454: [1, 1, 1, 1, 1, 1, 1, 1, 1, 1]: 1: False
31414: [0, 0, 0, 2, 2, 0, 0, 0, 42, 1]: 42: False
31414: [0, 0, 2, 2, 0, 0, 0, 42, 1, 42]: 2: False
31414: [0, 2, 2, 0, 0, 0, 42, 1, 42, 2]: 0: False
31414: [2, 2, 0, 0, 0, 42, 1, 42, 2, 0]: 0: False
31414: [2, 0, 0, 0, 42, 1, 42, 2, 0, 0]: 0: False
31414: [0, 0, 0, 42, 1, 42, 2, 0, 0, 0]: 2: False
31414: [0, 0, 42, 1, 42, 2, 0, 0, 0, 2]: 0: False
31414: [0, 42, 1, 42, 2, 0, 0, 0, 2, 0]: 0: False
31414: [42, 1, 42, 2, 0, 0, 0, 2, 0, 0]: 0: False
31414: [1, 42, 2, 0, 0, 0, 2, 0, 0, 0]: 2: False
31414: [42, 2, 0, 0, 0, 2, 0, 0, 0, 2]: 0: False
31414: [2, 0, 0, 0, 2, 0, 0, 0, 2, 0]: 0: False
31414: [0, 0, 0, 2, 0, 0, 0, 2, 0, 0]: 0: False
31414: [0, 0, 2, 0, 0, 0, 2, 0, 0, 0]: 2: False
31414: [0, 2, 0, 0, 0, 2, 0, 0, 0, 2]: 0: False
31414: [2, 0, 0, 0, 2, 0, 0, 0, 2, 0]: 0: False
31414: [0, 0, 0, 2, 0, 0, 0, 2, 0, 0]: 0: False
31414: [0, 0, 2, 0, 0, 0, 2, 0, 0, 0]: 2: False
31414: [0, 2, 0, 0, 0, 2, 0, 0, 0, 2]: 0: False
31414: [2, 0, 0, 0, 2, 0, 0, 0, 2, 0]: 0: False
31414: [0, 0, 0, 2, 0, 0, 0, 2, 0, 0]: 0: False
31414: [0, 0, 2, 0, 0, 0, 2, 0, 0, 0]: 2: False
31414: [0, 2, 0, 0, 0, 2, 0, 0, 0, 2]: 0: False
31414: [2, 0, 0, 0, 2, 0, 0, 0, 2, 0]: 0: False
31414: [0, 0, 0, 2, 0, 0, 0, 2, 0, 0]: 0: False
31414: [0, 0, 2, 0, 0, 0, 2, 0, 0, 0]: 2: False
31414: [0, 2, 0, 0, 0, 2, 0, 0, 0, 2]: 0: False
31414: [2, 0, 0, 0, 2, 0, 0, 0, 2, 0]: 0: False
31414: [0, 0, 0, 2, 0, 0, 0, 2, 0, 0]: 0: False
31414: [0, 0, 2, 0, 0, 0, 2, 0, 0, 0]: 2: False
31414: [0, 2, 0, 0, 0, 2, 0, 0, 0, 2]: 0: False
31414: [2, 0, 0, 0, 2, 0, 0, 0, 2, 0]: 0: False
31414: [0, 0, 0, 2, 0, 0, 0, 2, 0, 0]: 0: False
31414: [0, 0, 2, 0, 0, 0, 2, 0, 0, 0]: 2: False
31414: [0, 2, 0, 0, 0, 2, 0, 0, 0, 2]: 0: False
31414: [2, 0, 0, 0, 2, 0, 0, 0, 2, 0]: 0: False
31414: [0, 0, 0, 2, 0, 0, 0, 2, 0, 0]: 0: False
31414: [0, 0, 2, 0, 0, 0, 2, 0, 0, 0]: 2: False
31414: [0, 2, 0, 0, 0, 2, 0, 0, 0, 2]: 0: False
31414: [2, 0, 0, 0, 2, 0, 0, 0, 2, 0]: 0: False
31414: [0, 0, 0, 2, 0, 0, 0, 2, 0, 0]: 0: False
31414: [0, 0, 2, 0, 0, 0, 2, 0, 0, 0]: 2: False
31414: [0, 2, 0, 0, 0, 2, 0, 0, 0, 2]: 0: False
31414: [2, 0, 0, 0, 2, 0, 0, 0, 2, 0]: 0: False
31414: [0, 0, 0, 2, 0, 0, 0, 2, 0, 0]: 0: False
31414: [0, 0, 2, 0, 0, 0, 2, 0, 0, 0]: 2: False
31414: [0, 2, 0, 0, 0, 2, 0, 0, 0, 2]: 0: False
31414: [2, 0, 0, 0, 2, 0, 0, 0, 2, 0]: 0: False
31414: [0, 0, 0, 2, 0, 0, 0, 2, 0, 0]: 0: False
31414: [0, 0, 2, 0, 0, 0, 2, 0, 0, 0]: 2: False
31414: [0, 2, 0, 0, 0, 2, 0, 0, 0, 2]: 0: False
31414: [2, 0, 0, 0, 2, 0, 0, 0, 2, 0]: 0: False
31414: [0, 0, 0, 2, 0, 0, 0, 2, 0, 0]: 0: False
31414: [0, 0, 2, 0, 0, 0, 2, 0, 0, 0]: 2: False
31414: [0, 2, 0, 0, 0, 2, 0, 0, 0, 2]: 0: False
31414: [2, 0, 0, 0, 2, 0, 0, 0, 2, 0]: 0: False
31414: [0, 0, 0, 2, 0, 0, 0, 2, 0, 0]: 0: False
31414: [0, 0, 2, 0, 0, 0, 2, 0, 0, 0]: 2: False
31414: [0, 2, 0, 0, 0, 2, 0, 0, 0, 2]: 0: False
31414: [2, 0, 0, 0, 2, 0, 0, 0, 2, 0]: 0: False
31414: [0, 0, 0, 2, 0, 0, 0, 2, 0, 0]: 0: False
31414: [0, 0, 2, 0, 0, 0, 2, 0, 0, 0]: 2: False
31414: [0, 2, 0, 0, 0, 2, 0, 0, 0, 2]: 0: False
31414: [2, 0, 0, 0, 2, 0, 0, 0, 2, 0]: 0: False
31414: [0, 0, 0, 2, 0, 0, 0, 2, 0, 0]: 0: False
31414: [0, 0, 2, 0, 0, 0, 2, 0, 0, 0]: 2: False
31414: [0, 2, 0, 0, 0, 2, 0, 0, 0, 2]: 2: False
31414: [2, 0, 0, 0, 2, 0, 0, 0, 2, 2]: 2: False
31414: [0, 0, 0, 2, 0, 0, 0, 2, 2, 2]: 0: False
31414: [0, 0, 2, 0, 0, 0, 2, 2, 2, 0]: 0: False
31414: [0, 2, 0, 0, 0, 2, 2, 2, 0, 0]: 0: False
31414: [2, 0, 0, 0, 2, 2, 2, 0, 0, 0]: 2: False
31414: [0, 0, 0, 2, 2, 2, 0, 0, 0, 2]: 0: False
31414: [0, 0, 2, 2, 2, 0, 0, 0, 2, 0]: 20: False
31414: [0, 2, 2, 2, 0, 0, 0, 2, 0, 20]: 1: False
22454: [1, 1, 1, 1, 1, 1, 1, 1, 1, 1]: 1: False
22454: [1, 1, 1, 1, 1, 1, 1, 1, 1, 1]: 1: False
22454: [1, 1, 1, 1, 1, 1, 1, 1, 1, 1]: 1: False
31404: [2, 0, 0, 0, 2, 2, 2, 0, 20, 1]: 20: False
31404: [0, 0, 0, 2, 2, 2, 0, 20, 1, 20]: 0: False
31404: [0, 0, 2, 2, 2, 0, 20, 1, 20, 0]: 0: False
31404: [0, 2, 2, 2, 0, 20, 1, 20, 0, 0]: 0: False
31093: [2, 0, 0, 0, 2, 2, 2, 0, 20, 1]: 20: False
31093: [0, 0, 0, 2, 2, 2, 0, 20, 1, 20]: 0: False
31093: [0, 0, 2, 2, 2, 0, 20, 1, 20, 0]: 0: False
31093: [0, 2, 2, 2, 0, 20, 1, 20, 0, 0]: 0: False
22454: [1, 1, 1, 1, 1, 1, 1, 1, 1, 1]: 1: False
22454: [1, 1, 1, 1, 1, 1, 1, 1, 1, 1]: 1: False
31779: [2, 0, 42, 0, 0, 105, 0, 2, 0, 0]: 2: False
31779: [0, 42, 0, 0, 105, 0, 2, 0, 0, 2]: 2: False
31779: [42, 0, 0, 105, 0, 2, 0, 0, 2, 2]: 2: False
31779: [0, 0, 105, 0, 2, 0, 0, 2, 2, 2]: 2: False
31779: [0, 105, 0, 2, 0, 0, 2, 2, 2, 2]: 2: False
31779: [105, 0, 2, 0, 0, 2, 2, 2, 2, 2]: 2: False
31779: [0, 2, 0, 0, 2, 2, 2, 2, 2, 2]: 2: False
31779: [2, 0, 0, 2, 2, 2, 2, 2, 2, 2]: 2: False
31779: [0, 0, 2, 2, 2, 2, 2, 2, 2, 2]: 2: False
31779: [0, 2, 2, 2, 2, 2, 2, 2, 2, 2]: 2: False
31779: [2, 2, 2, 2, 2, 2, 2, 2, 2, 2]: 2: False
31779: [2, 2, 2, 2, 2, 2, 2, 2, 2, 2]: 2: False
31779: [2, 2, 2, 2, 2, 2, 2, 2, 2, 2]: 2: False
31779: [2, 2, 2, 2, 2, 2, 2, 2, 2, 2]: 2: False
31779: [2, 2, 2, 2, 2, 2, 2, 2, 2, 2]: 2: False
31779: [2, 2, 2, 2, 2, 2, 2, 2, 2, 2]: 2: False
31779: [2, 2, 2, 2, 2, 2, 2, 2, 2, 2]: 2: False
31779: [2, 2, 2, 2, 2, 2, 2, 2, 2, 2]: 2: False
31779: [2, 2, 2, 2, 2, 2, 2, 2, 2, 2]: 2: False
31779: [2, 2, 2, 2, 2, 2, 2, 2, 2, 2]: 2: False
31779: [2, 2, 2, 2, 2, 2, 2, 2, 2, 2]: 2: False
31779: [2, 2, 2, 2, 2, 2, 2, 2, 2, 2]: 2: False
31779: [2, 2, 2, 2, 2, 2, 2, 2, 2, 2]: 2: False
31779: [2, 2, 2, 2, 2, 2, 2, 2, 2, 2]: 2: False
31779: [2, 2, 2, 2, 2, 2, 2, 2, 2, 2]: 2: False
31779: [2, 2, 2, 2, 2, 2, 2, 2, 2, 2]: 0: False
31779: [2, 2, 2, 2, 2, 2, 2, 2, 2, 0]: 0: False
31779: [2, 2, 2, 2, 2, 2, 2, 2, 0, 0]: 0: False
31779: [2, 2, 2, 2, 2, 2, 2, 0, 0, 0]: 0: False
31779: [2, 2, 2, 2, 2, 2, 0, 0, 0, 0]: 0: False
31779: [2, 2, 2, 2, 2, 0, 0, 0, 0, 0]: 0: False
31779: [2, 2, 2, 2, 0, 0, 0, 0, 0, 0]: 2: False
31779: [2, 2, 2, 0, 0, 0, 0, 0, 0, 2]: 0: False
31779: [2, 2, 0, 0, 0, 0, 0, 0, 2, 0]: 2: False
31779: [2, 0, 0, 0, 0, 0, 0, 2, 0, 2]: 2: False
31779: [0, 0, 0, 0, 0, 0, 2, 0, 2, 2]: 0: False
31779: [0, 0, 0, 0, 0, 2, 0, 2, 2, 0]: 0: False
31779: [0, 0, 0, 0, 2, 0, 2, 2, 0, 0]: 0: False
31779: [0, 0, 0, 2, 0, 2, 2, 0, 0, 0]: 0: False
31779: [0, 0, 2, 0, 2, 2, 0, 0, 0, 0]: 2: False
31779: [0, 2, 0, 2, 2, 0, 0, 0, 0, 2]: 2: False
31779: [2, 0, 2, 2, 0, 0, 0, 0, 2, 2]: 2: False
31779: [0, 2, 2, 0, 0, 0, 0, 2, 2, 2]: 0: False
31779: [2, 2, 0, 0, 0, 0, 2, 2, 2, 0]: 0: False
31779: [2, 0, 0, 0, 0, 2, 2, 2, 0, 0]: 2: False
31779: [0, 0, 0, 0, 2, 2, 2, 0, 0, 2]: 2: False
31779: [0, 0, 0, 2, 2, 2, 0, 0, 2, 2]: 2: False
31779: [0, 0, 2, 2, 2, 0, 0, 2, 2, 2]: 2: False
31779: [0, 2, 2, 2, 0, 0, 2, 2, 2, 2]: 2: False
31779: [2, 2, 2, 0, 0, 2, 2, 2, 2, 2]: 2: False
31779: [2, 2, 0, 0, 2, 2, 2, 2, 2, 2]: 2: False
31779: [2, 0, 0, 2, 2, 2, 2, 2, 2, 2]: 2: False
31779: [0, 0, 2, 2, 2, 2, 2, 2, 2, 2]: 2: False
31779: [0, 2, 2, 2, 2, 2, 2, 2, 2, 2]: 2: False
31779: [2, 2, 2, 2, 2, 2, 2, 2, 2, 2]: 2: False
31779: [2, 2, 2, 2, 2, 2, 2, 2, 2, 2]: 2: False
31779: [2, 2, 2, 2, 2, 2, 2, 2, 2, 2]: 2: False
31779: [2, 2, 2, 2, 2, 2, 2, 2, 2, 2]: 2: False
31779: [2, 2, 2, 2, 2, 2, 2, 2, 2, 2]: 2: False
31779: [2, 2, 2, 2, 2, 2, 2, 2, 2, 2]: 2: False
31779: [2, 2, 2, 2, 2, 2, 2, 2, 2, 2]: 2: False
31779: [2, 2, 2, 2, 2, 2, 2, 2, 2, 2]: 2: False
31779: [2, 2, 2, 2, 2, 2, 2, 2, 2, 2]: 2: False
31779: [2, 2, 2, 2, 2, 2, 2, 2, 2, 2]: 2: False
31779: [2, 2, 2, 2, 2, 2, 2, 2, 2, 2]: 2: False
31779: [2, 2, 2, 2, 2, 2, 2, 2, 2, 2]: 2: False
31779: [2, 2, 2, 2, 2, 2, 2, 2, 2, 2]: 2: False
31779: [2, 2, 2, 2, 2, 2, 2, 2, 2, 2]: 2: False
31779: [2, 2, 2, 2, 2, 2, 2, 2, 2, 2]: 2: False
31779: [2, 2, 2, 2, 2, 2, 2, 2, 2, 2]: 2: False
31779: [2, 2, 2, 2, 2, 2, 2, 2, 2, 2]: 2: False
31779: [2, 2, 2, 2, 2, 2, 2, 2, 2, 2]: 2: False
31779: [2, 2, 2, 2, 2, 2, 2, 2, 2, 2]: 2: False
31779: [2, 2, 2, 2, 2, 2, 2, 2, 2, 2]: 2: False
31779: [2, 2, 2, 2, 2, 2, 2, 2, 2, 2]: 2: False
31779: [2, 2, 2, 2, 2, 2, 2, 2, 2, 2]: 2: False
31779: [2, 2, 2, 2, 2, 2, 2, 2, 2, 2]: 2: False
31779: [2, 2, 2, 2, 2, 2, 2, 2, 2, 2]: 0: False
31779: [2, 2, 2, 2, 2, 2, 2, 2, 2, 0]: 0: False
31779: [2, 2, 2, 2, 2, 2, 2, 2, 0, 0]: 42: False
31780: [59, 2, 2, 2, 2, 0, 2, 0, 2, 2]: 2: False
31780: [2, 2, 2, 2, 0, 2, 0, 2, 2, 2]: 0: False
31780: [2, 2, 2, 0, 2, 0, 2, 2, 2, 0]: 2: False
31780: [2, 2, 0, 2, 0, 2, 2, 2, 0, 2]: 2: False
31780: [2, 0, 2, 0, 2, 2, 2, 0, 2, 2]: 0: False
31780: [0, 2, 0, 2, 2, 2, 0, 2, 2, 0]: 2: False
31780: [2, 0, 2, 2, 2, 0, 2, 2, 0, 2]: 2: False
31780: [0, 2, 2, 2, 0, 2, 2, 0, 2, 2]: 0: False
31780: [2, 2, 2, 0, 2, 2, 0, 2, 2, 0]: 2: False
31780: [2, 2, 0, 2, 2, 0, 2, 2, 0, 2]: 0: False
31780: [2, 0, 2, 2, 0, 2, 2, 0, 2, 0]: 2: False
31780: [0, 2, 2, 0, 2, 2, 0, 2, 0, 2]: 0: False
31780: [2, 2, 0, 2, 2, 0, 2, 0, 2, 0]: 2: False
31780: [2, 0, 2, 2, 0, 2, 0, 2, 0, 2]: 42: False
31780: [0, 2, 2, 0, 2, 0, 2, 0, 2, 42]: 1: False
31780: [2, 2, 0, 2, 0, 2, 0, 2, 42, 1]: 0: False
31780: [2, 0, 2, 0, 2, 0, 2, 42, 1, 0]: 2: False
31780: [0, 2, 0, 2, 0, 2, 42, 1, 0, 2]: 0: False
31780: [2, 0, 2, 0, 2, 42, 1, 0, 2, 0]: 42: True
31780: [0, 2, 0, 2, 42, 1, 0, 2, 0, 42]: 1: False
31780: [2, 0, 2, 42, 1, 0, 2, 0, 42, 1]: 2: False
31780: [0, 2, 42, 1, 0, 2, 0, 42, 1, 2]: 0: False
31780: [2, 42, 1, 0, 2, 0, 42, 1, 2, 0]: 0: False
31428: [0, 2, 0, 2, 0, 2, 0, 2, 2, 0]: 2: False
31428: [2, 0, 2, 0, 2, 0, 2, 2, 0, 2]: 0: False
31428: [0, 2, 0, 2, 0, 2, 2, 0, 2, 0]: 2: False
31428: [2, 0, 2, 0, 2, 2, 0, 2, 0, 2]: 0: False
31428: [0, 2, 0, 2, 2, 0, 2, 0, 2, 0]: 0: False
31428: [2, 0, 2, 2, 0, 2, 0, 2, 0, 0]: 2: False
31428: [0, 2, 2, 0, 2, 0, 2, 0, 0, 2]: 0: False
31428: [2, 2, 0, 2, 0, 2, 0, 0, 2, 0]: 2: False
31428: [2, 0, 2, 0, 2, 0, 0, 2, 0, 2]: 0: False
31428: [0, 2, 0, 2, 0, 0, 2, 0, 2, 0]: 0: False
31428: [2, 0, 2, 0, 0, 2, 0, 2, 0, 0]: 2: False
31428: [0, 2, 0, 0, 2, 0, 2, 0, 0, 2]: 0: False
31428: [2, 0, 0, 2, 0, 2, 0, 0, 2, 0]: 0: False
31428: [0, 0, 2, 0, 2, 0, 0, 2, 0, 0]: 2: False
31428: [0, 2, 0, 2, 0, 0, 2, 0, 0, 2]: 0: False
31428: [2, 0, 2, 0, 0, 2, 0, 0, 2, 0]: 2: False
31428: [0, 2, 0, 0, 2, 0, 0, 2, 0, 2]: 0: False
31428: [2, 0, 0, 2, 0, 0, 2, 0, 2, 0]: 2: False
