[0, 2, 0, 0, 2, 2, 2, 0, 2, 2]: 2: False
[2, 0, 0, 2, 2, 2, 0, 2, 2, 2]: 42: False
[0, 0, 2, 2, 2, 0, 2, 2, 2, 42]: 2: False
[0, 2, 2, 2, 0, 2, 2, 2, 42, 2]: 0: False
[2, 2, 2, 0, 2, 2, 2, 42, 2, 0]: 0: False
[2, 2, 0, 2, 2, 2, 42, 2, 0, 0]: 0: False
[2, 0, 2, 2, 2, 42, 2, 0, 0, 0]: 2: False
[0, 2, 2, 2, 42, 2, 0, 0, 0, 2]: 0: False
[2, 2, 2, 42, 2, 0, 0, 0, 2, 0]: 0: False
[2, 2, 42, 2, 0, 0, 0, 2, 0, 0]: 0: False
[2, 42, 2, 0, 0, 0, 2, 0, 0, 0]: 2: False
[42, 2, 0, 0, 0, 2, 0, 0, 0, 2]: 0: False
[2, 0, 0, 0, 2, 0, 0, 0, 2, 0]: 0: False
[0, 0, 0, 2, 0, 0, 0, 2, 0, 0]: 0: False
[0, 0, 2, 0, 0, 0, 2, 0, 0, 0]: 2: False
[0, 2, 0, 0, 0, 2, 0, 0, 0, 2]: 0: False
[2, 0, 0, 0, 2, 0, 0, 0, 2, 0]: 0: False
[0, 0, 0, 2, 0, 0, 0, 2, 0, 0]: 0: False
[0, 0, 2, 0, 0, 0, 2, 0, 0, 0]: 2: False
[0, 2, 0, 0, 0, 2, 0, 0, 0, 2]: 0: False
[2, 0, 0, 0, 2, 0, 0, 0, 2, 0]: 0: False
[0, 0, 0, 2, 0, 0, 0, 2, 0, 0]: 0: False
[0, 0, 2, 0, 0, 0, 2, 0, 0, 0]: 2: False
[0, 2, 0, 0, 0, 2, 0, 0, 0, 2]: 0: False
[2, 0, 0, 0, 2, 0, 0, 0, 2, 0]: 0: False
[0, 0, 0, 2, 0, 0, 0, 2, 0, 0]: 0: False
[0, 0, 2, 0, 0, 0, 2, 0, 0, 0]: 2: False
[0, 2, 0, 0, 0, 2, 0, 0, 0, 2]: 0: False
[2, 0, 0, 0, 2, 0, 0, 0, 2, 0]: 0: False
[0, 0, 0, 2, 0, 0, 0, 2, 0, 0]: 0: False
[0, 0, 2, 0, 0, 0, 2, 0, 0, 0]: 2: False
[0, 2, 0, 0, 0, 2, 0, 0, 0, 2]: 2: False
[2, 0, 0, 0, 2, 0, 0, 0, 2, 2]: 0: False
[0, 0, 0, 2, 0, 0, 0, 2, 2, 0]: 0: False
[0, 0, 2, 0, 0, 0, 2, 2, 0, 0]: 0: False
[0, 2, 0, 0, 0, 2, 2, 0, 0, 0]: 2: False
[2, 0, 0, 0, 2, 2, 0, 0, 0, 2]: 2: False
[0, 0, 0, 2, 2, 0, 0, 0, 2, 2]: 20: False
[0, 0, 2, 2, 0, 0, 0, 2, 2, 20]: 2: False
[0, 2, 2, 0, 0, 0, 2, 2, 20, 2]: 0: False
[2, 2, 0, 0, 0, 2, 2, 20, 2, 0]: 0: False
[2, 0, 0, 0, 2, 2, 20, 2, 0, 0]: 0: False
[0, 0, 0, 2, 2, 20, 2, 0, 0, 0]: 2: False
[0, 0, 2, 2, 20, 2, 0, 0, 0, 2]: 0: False
[0, 2, 2, 20, 2, 0, 0, 0, 2, 0]: 0: False
[2, 2, 20, 2, 0, 0, 0, 2, 0, 0]: 0: False
[2, 20, 2, 0, 0, 0, 2, 0, 0, 0]: 2: False
[20, 2, 0, 0, 0, 2, 0, 0, 0, 2]: 0: False
[2, 0, 0, 0, 2, 0, 0, 0, 2, 0]: 0: False
[0, 0, 0, 2, 0, 0, 0, 2, 0, 0]: 0: False
[0, 0, 2, 0, 0, 0, 2, 0, 0, 0]: 2: False
[0, 2, 0, 0, 0, 2, 0, 0, 0, 2]: 0: False
[2, 0, 0, 0, 2, 0, 0, 0, 2, 0]: 0: False
[0, 0, 0, 2, 0, 0, 0, 2, 0, 0]: 0: False
[0, 0, 2, 0, 0, 0, 2, 0, 0, 0]: 2: False
[0, 2, 0, 0, 0, 2, 0, 0, 0, 2]: 0: False
[2, 0, 0, 0, 2, 0, 0, 0, 2, 0]: 0: False
[0, 0, 0, 2, 0, 0, 0, 2, 0, 0]: 0: False
[0, 0, 2, 0, 0, 0, 2, 0, 0, 0]: 2: False
[0, 2, 0, 0, 0, 2, 0, 0, 0, 2]: 0: False
[2, 0, 0, 0, 2, 0, 0, 0, 2, 0]: 0: False
[0, 0, 0, 2, 0, 0, 0, 2, 0, 0]: 0: False
[0, 0, 2, 0, 0, 0, 2, 0, 0, 0]: 2: False
[0, 2, 0, 0, 0, 2, 0, 0, 0, 2]: 0: False
[2, 0, 0, 0, 2, 0, 0, 0, 2, 0]: 0: False
[0, 0, 0, 2, 0, 0, 0, 2, 0, 0]: 0: False
[0, 0, 2, 0, 0, 0, 2, 0, 0, 0]: 0: False
[0, 2, 0, 0, 0, 2, 0, 0, 0, 0]: 20: False
[2, 0, 0, 0, 2, 0, 0, 0, 0, 20]: 1: False
[0, 2, 0, 0, 0, 2, 2, 1, 2, 2]: 2: False
[2, 0, 0, 0, 2, 2, 1, 2, 2, 2]: 0: False
[0, 0, 0, 2, 2, 1, 2, 2, 2, 0]: 0: False
[0, 0, 2, 2, 1, 2, 2, 2, 0, 0]: 0: False
[0, 2, 2, 1, 2, 2, 2, 0, 0, 0]: 42: False
[2, 2, 1, 2, 2, 2, 0, 0, 0, 42]: 1: False
[2, 1, 2, 2, 2, 0, 0, 0, 42, 1]: 1: False
[1, 2, 2, 2, 0, 0, 0, 42, 1, 1]: 1: False
[2, 2, 2, 0, 0, 0, 42, 1, 1, 1]: 1: False
[2, 2, 0, 0, 0, 42, 1, 1, 1, 1]: 1: False
[2, 0, 0, 0, 42, 1, 1, 1, 1, 1]: 1: False
[0, 0, 0, 42, 1, 1, 1, 1, 1, 1]: 1: False
[0, 0, 42, 1, 1, 1, 1, 1, 1, 1]: 1: False
[0, 42, 1, 1, 1, 1, 1, 1, 1, 1]: 1: False
[42, 1, 1, 1, 1, 1, 1, 1, 1, 1]: 1: False
[1, 1, 1, 1, 1, 1, 1, 1, 1, 1]: 1: False
[1, 1, 1, 1, 1, 1, 1, 1, 1, 1]: 1: False
[1, 1, 1, 1, 1, 1, 1, 1, 1, 1]: 1: False
[1, 1, 1, 1, 1, 1, 1, 1, 1, 1]: 1: False
[1, 1, 1, 1, 1, 1, 1, 1, 1, 1]: 1: False
[1, 1, 1, 1, 1, 1, 1, 1, 1, 1]: 1: False
[1, 1, 1, 1, 1, 1, 1, 1, 1, 1]: 1: False
