[0, 2, 0, 0, 2, 2, 2, 0, 2, 2]: 2: False
[2, 0, 0, 2, 2, 2, 0, 2, 2, 2]: 42: False
[0, 0, 2, 2, 2, 0, 2, 2, 2, 42]: 2: False
[0, 2, 2, 2, 0, 2, 2, 2, 42, 2]: 0: False
[2, 2, 2, 0, 2, 2, 2, 42, 2, 0]: 0: False
[2, 2, 0, 2, 2, 2, 42, 2, 0, 0]: 0: False
[2, 0, 2, 2, 2, 42, 2, 0, 0, 0]: 2: False
[0, 2, 2, 2, 42, 2, 0, 0, 0, 2]: 0: False
[2, 2, 2, 42, 2, 0, 0, 0, 2, 0]: 0: False
[2, 2, 42, 2, 0, 0, 0, 2, 0, 0]: 0: False
[2, 42, 2, 0, 0, 0, 2, 0, 0, 0]: 2: False
[42, 2, 0, 0, 0, 2, 0, 0, 0, 2]: 0: False
[2, 0, 0, 0, 2, 0, 0, 0, 2, 0]: 0: False
[0, 0, 0, 2, 0, 0, 0, 2, 0, 0]: 0: False
[0, 0, 2, 0, 0, 0, 2, 0, 0, 0]: 2: False
[0, 2, 0, 0, 0, 2, 0, 0, 0, 2]: 0: False
[2, 0, 0, 0, 2, 0, 0, 0, 2, 0]: 0: False
[0, 0, 0, 2, 0, 0, 0, 2, 0, 0]: 0: False
[0, 0, 2, 0, 0, 0, 2, 0, 0, 0]: 2: False
[0, 2, 0, 0, 0, 2, 0, 0, 0, 2]: 0: False
[2, 0, 0, 0, 2, 0, 0, 0, 2, 0]: 0: False
[0, 0, 0, 2, 0, 0, 0, 2, 0, 0]: 0: False
[0, 0, 2, 0, 0, 0, 2, 0, 0, 0]: 2: False
[0, 2, 0, 0, 0, 2, 0, 0, 0, 2]: 0: False
[2, 0, 0, 0, 2, 0, 0, 0, 2, 0]: 0: False
[0, 0, 0, 2, 0, 0, 0, 2, 0, 0]: 0: False
[0, 0, 2, 0, 0, 0, 2, 0, 0, 0]: 2: False
[0, 2, 0, 0, 0, 2, 0, 0, 0, 2]: 0: False
[2, 0, 0, 0, 2, 0, 0, 0, 2, 0]: 0: False
[0, 0, 0, 2, 0, 0, 0, 2, 0, 0]: 0: False
[0, 0, 2, 0, 0, 0, 2, 0, 0, 0]: 2: False
[0, 2, 0, 0, 0, 2, 0, 0, 0, 2]: 2: False
[2, 0, 0, 0, 2, 0, 0, 0, 2, 2]: 0: False
[0, 0, 0, 2, 0, 0, 0, 2, 2, 0]: 0: False
[0, 0, 2, 0, 0, 0, 2, 2, 0, 0]: 0: False
[0, 2, 0, 0, 0, 2, 2, 0, 0, 0]: 2: False
[2, 0, 0, 0, 2, 2, 0, 0, 0, 2]: 2: False
[0, 0, 0, 2, 2, 0, 0, 0, 2, 2]: 20: False
[0, 0, 2, 2, 0, 0, 0, 2, 2, 20]: 2: False
[0, 2, 2, 0, 0, 0, 2, 2, 20, 2]: 0: False
[2, 2, 0, 0, 0, 2, 2, 20, 2, 0]: 0: False
[2, 0, 0, 0, 2, 2, 20, 2, 0, 0]: 0: False
[0, 0, 0, 2, 2, 20, 2, 0, 0, 0]: 2: False
[0, 0, 2, 2, 20, 2, 0, 0, 0, 2]: 0: False
[0, 2, 2, 20, 2, 0, 0, 0, 2, 0]: 0: False
[2, 2, 20, 2, 0, 0, 0, 2, 0, 0]: 0: False
[2, 20, 2, 0, 0, 0, 2, 0, 0, 0]: 2: False
[20, 2, 0, 0, 0, 2, 0, 0, 0, 2]: 0: False
[2, 0, 0, 0, 2, 0, 0, 0, 2, 0]: 0: False
[0, 0, 0, 2, 0, 0, 0, 2, 0, 0]: 0: False
[0, 0, 2, 0, 0, 0, 2, 0, 0, 0]: 2: False
[0, 2, 0, 0, 0, 2, 0, 0, 0, 2]: 0: False
[2, 0, 0, 0, 2, 0, 0, 0, 2, 0]: 0: False
[0, 0, 0, 2, 0, 0, 0, 2, 0, 0]: 0: False
[0, 0, 2, 0, 0, 0, 2, 0, 0, 0]: 2: False
[0, 2, 0, 0, 0, 2, 0, 0, 0, 2]: 0: False
[2, 0, 0, 0, 2, 0, 0, 0, 2, 0]: 0: False
[0, 0, 0, 2, 0, 0, 0, 2, 0, 0]: 0: False
[0, 0, 2, 0, 0, 0, 2, 0, 0, 0]: 2: False
[0, 2, 0, 0, 0, 2, 0, 0, 0, 2]: 0: False
[2, 0, 0, 0, 2, 0, 0, 0, 2, 0]: 0: False
[0, 0, 0, 2, 0, 0, 0, 2, 0, 0]: 0: False
[0, 0, 2, 0, 0, 0, 2, 0, 0, 0]: 2: False
[0, 2, 0, 0, 0, 2, 0, 0, 0, 2]: 0: False
[2, 0, 0, 0, 2, 0, 0, 0, 2, 0]: 0: False
[0, 0, 0, 2, 0, 0, 0, 2, 0, 0]: 0: False
[0, 0, 2, 0, 0, 0, 2, 0, 0, 0]: 0: False
[0, 2, 0, 0, 0, 2, 0, 0, 0, 0]: 20: False
[2, 0, 0, 0, 2, 0, 0, 0, 0, 20]: 1: False
[0, 2, 0, 0, 0, 2, 2, 1, 2, 2]: 2: False
[2, 0, 0, 0, 2, 2, 1, 2, 2, 2]: 0: False
[0, 0, 0, 2, 2, 1, 2, 2, 2, 0]: 0: False
[0, 0, 2, 2, 1, 2, 2, 2, 0, 0]: 0: False
[0, 2, 2, 1, 2, 2, 2, 0, 0, 0]: 42: False
[2, 2, 1, 2, 2, 2, 0, 0, 0, 42]: 1: False
[2, 1, 2, 2, 2, 0, 0, 0, 42, 1]: 1: False
[1, 2, 2, 2, 0, 0, 0, 42, 1, 1]: 1: False
[2, 2, 2, 0, 0, 0, 42, 1, 1, 1]: 1: False
[2, 2, 0, 0, 0, 42, 1, 1, 1, 1]: 1: False
[2, 0, 0, 0, 42, 1, 1, 1, 1, 1]: 1: False
[0, 0, 0, 42, 1, 1, 1, 1, 1, 1]: 1: False
[0, 0, 42, 1, 1, 1, 1, 1, 1, 1]: 1: False
[0, 42, 1, 1, 1, 1, 1, 1, 1, 1]: 1: False
[42, 1, 1, 1, 1, 1, 1, 1, 1, 1]: 1: False
[1, 1, 1, 1, 1, 1, 1, 1, 1, 1]: 1: False
[1, 1, 1, 1, 1, 1, 1, 1, 1, 1]: 1: False
[1, 1, 1, 1, 1, 1, 1, 1, 1, 1]: 1: False
[1, 1, 1, 1, 1, 1, 1, 1, 1, 1]: 1: False
[1, 1, 1, 1, 1, 1, 1, 1, 1, 1]: 1: False
[1, 1, 1, 1, 1, 1, 1, 1, 1, 1]: 1: False
[1, 1, 1, 1, 1, 1, 1, 1, 1, 1]: 1: False
[1, 1, 1, 1, 1, 1, 1, 1, 1, 1]: 1: False
[1, 1, 1, 1, 1, 1, 1, 1, 1, 1]: 1: False
[1, 1, 1, 1, 1, 1, 1, 1, 1, 1]: 1: False
[1, 1, 1, 1, 1, 1, 1, 1, 1, 1]: 1: False
[1, 1, 1, 1, 1, 1, 1, 1, 1, 1]: 1: False
[1, 1, 1, 1, 1, 1, 1, 1, 1, 1]: 1: False
[1, 1, 1, 1, 1, 1, 1, 1, 1, 1]: 1: False
[1, 1, 1, 1, 1, 1, 1, 1, 1, 1]: 1: False
[1, 1, 1, 1, 1, 1, 1, 1, 1, 1]: 1: False
[1, 1, 1, 1, 1, 1, 1, 1, 1, 1]: 1: False
[1, 1, 1, 1, 1, 1, 1, 1, 1, 1]: 1: False
[1, 1, 1, 1, 1, 1, 1, 1, 1, 1]: 1: False
[1, 1, 1, 1, 1, 1, 1, 1, 1, 1]: 1: False
[1, 1, 1, 1, 1, 1, 1, 1, 1, 1]: 1: False
[1, 1, 1, 1, 1, 1, 1, 1, 1, 1]: 1: False
[1, 1, 1, 1, 1, 1, 1, 1, 1, 1]: 1: False
[1, 1, 1, 1, 1, 1, 1, 1, 1, 1]: 1: False
[1, 1, 1, 1, 1, 1, 1, 1, 1, 1]: 1: False
[1, 1, 1, 1, 1, 1, 1, 1, 1, 1]: 1: False
[1, 1, 1, 1, 1, 1, 1, 1, 1, 1]: 2: False
[1, 1, 1, 1, 1, 1, 1, 1, 1, 2]: 0: False
[1, 1, 1, 1, 1, 1, 1, 1, 2, 0]: 1: False
[1, 1, 1, 1, 1, 1, 1, 2, 0, 1]: 1: False
[1, 1, 1, 1, 1, 1, 2, 0, 1, 1]: 1: False
[1, 1, 1, 1, 1, 2, 0, 1, 1, 1]: 1: False
[1, 1, 1, 1, 2, 0, 1, 1, 1, 1]: 20: False
[1, 1, 1, 2, 0, 1, 1, 1, 1, 20]: 20: False
[1, 1, 2, 0, 1, 1, 1, 1, 20, 20]: 20: False
[1, 2, 0, 1, 1, 1, 1, 20, 20, 20]: 20: False
[2, 0, 1, 1, 1, 1, 20, 20, 20, 20]: 0: False
[0, 1, 1, 1, 1, 20, 20, 20, 20, 0]: 20: False
[1, 1, 1, 1, 20, 20, 20, 20, 0, 20]: 1: False
[1, 1, 1, 20, 20, 20, 20, 0, 20, 1]: 0: False
[1, 1, 20, 20, 20, 20, 0, 20, 1, 0]: 2: False
[1, 20, 20, 20, 20, 0, 20, 1, 0, 2]: 0: False
[20, 20, 20, 20, 0, 20, 1, 0, 2, 0]: 0: False
[20, 20, 20, 0, 20, 1, 0, 2, 0, 0]: 0: False
[20, 20, 0, 20, 1, 0, 2, 0, 0, 0]: 2: False
[20, 0, 20, 1, 0, 2, 0, 0, 0, 2]: 0: False
[0, 20, 1, 0, 2, 0, 0, 0, 2, 0]: 0: False
[20, 1, 0, 2, 0, 0, 0, 2, 0, 0]: 0: False
[1, 0, 2, 0, 0, 0, 2, 0, 0, 0]: 2: False
[0, 2, 0, 0, 0, 2, 0, 0, 0, 2]: 2: False
[2, 0, 0, 0, 2, 0, 0, 0, 2, 2]: 2: False
[0, 0, 0, 2, 0, 0, 0, 2, 2, 2]: 20: False
[0, 0, 2, 0, 0, 0, 2, 2, 2, 20]: 20: False
[0, 2, 0, 0, 0, 2, 2, 2, 20, 20]: 1: False
[2, 0, 0, 0, 2, 2, 2, 20, 20, 1]: 0: False
[0, 0, 0, 2, 2, 2, 20, 20, 1, 0]: 0: False
[0, 0, 2, 2, 2, 20, 20, 1, 0, 0]: 2: False
[0, 2, 2, 2, 20, 20, 1, 0, 0, 2]: 0: False
[2, 2, 2, 20, 20, 1, 0, 0, 2, 0]: 0: False
[2, 2, 20, 20, 1, 0, 0, 2, 0, 0]: 0: False
[2, 20, 20, 1, 0, 0, 2, 0, 0, 0]: 2: False
[20, 20, 1, 0, 0, 2, 0, 0, 0, 2]: 0: False
[20, 1, 0, 0, 2, 0, 0, 0, 2, 0]: 0: False
[1, 0, 0, 2, 0, 0, 0, 2, 0, 0]: 0: False
[0, 0, 2, 0, 0, 0, 2, 0, 0, 0]: 2: False
[0, 2, 0, 0, 0, 2, 0, 0, 0, 2]: 2: False
[2, 0, 0, 0, 2, 0, 0, 0, 2, 2]: 2: False
[0, 0, 0, 2, 0, 0, 0, 2, 2, 2]: 0: False
[0, 0, 2, 0, 0, 0, 2, 2, 2, 0]: 20: False
[0, 2, 0, 0, 0, 2, 2, 2, 0, 20]: 1: False
[2, 0, 0, 0, 2, 2, 2, 0, 20, 1]: 0: False
[0, 0, 0, 2, 2, 2, 0, 20, 1, 0]: 2: False
[0, 0, 2, 2, 2, 0, 20, 1, 0, 2]: 0: False
[0, 2, 2, 2, 0, 20, 1, 0, 2, 0]: 0: False
[2, 2, 2, 0, 20, 1, 0, 2, 0, 0]: 0: False
[2, 2, 0, 20, 1, 0, 2, 0, 0, 0]: 2: False
[2, 0, 20, 1, 0, 2, 0, 0, 0, 2]: 0: False
[0, 20, 1, 0, 2, 0, 0, 0, 2, 0]: 0: False
[20, 1, 0, 2, 0, 0, 0, 2, 0, 0]: 0: False
[1, 0, 2, 0, 0, 0, 2, 0, 0, 0]: 2: False
[0, 2, 0, 0, 0, 2, 0, 0, 0, 2]: 2: False
[2, 0, 0, 0, 2, 0, 0, 0, 2, 2]: 2: False
[0, 0, 0, 2, 0, 0, 0, 2, 2, 2]: 0: False
[0, 0, 2, 0, 0, 0, 2, 2, 2, 0]: 20: False
[0, 2, 0, 0, 0, 2, 2, 2, 0, 20]: 1: False
[2, 0, 0, 20, 0, 0, 0, 2, 0, 0]: 0: False
[2, 0, 0, 0, 2, 2, 2, 0, 20, 1]: 0: False
[0, 0, 0, 2, 2, 2, 0, 20, 1, 0]: 2: False
[0, 0, 2, 2, 2, 0, 20, 1, 0, 2]: 0: False
[0, 0, 20, 0, 0, 0, 2, 0, 0, 0]: 2: False
[0, 20, 0, 0, 0, 2, 0, 0, 0, 2]: 0: False
[20, 0, 0, 0, 2, 0, 0, 0, 2, 0]: 0: False
[0, 0, 0, 2, 0, 0, 0, 2, 0, 0]: 0: False
[0, 2, 2, 2, 0, 20, 1, 0, 2, 0]: 0: False
[0, 0, 2, 0, 0, 0, 2, 0, 0, 0]: 2: False
[0, 2, 0, 0, 0, 2, 0, 0, 0, 2]: 2: False
[2, 2, 2, 0, 20, 1, 0, 2, 0, 0]: 0: False
[2, 0, 0, 0, 2, 0, 0, 0, 2, 2]: 2: False
[0, 0, 0, 2, 0, 0, 0, 2, 2, 2]: 0: False
[0, 0, 2, 0, 0, 0, 2, 2, 2, 0]: 20: False
[0, 2, 0, 0, 0, 2, 2, 2, 0, 20]: 1: False
[2, 2, 0, 20, 1, 0, 2, 0, 0, 0]: 2: False
[2, 0, 20, 1, 0, 2, 0, 0, 0, 2]: 0: False
[0, 20, 1, 0, 2, 0, 0, 0, 2, 0]: 0: False
[20, 1, 0, 2, 0, 0, 0, 2, 0, 0]: 0: False
[1, 0, 2, 0, 0, 0, 2, 0, 0, 0]: 2: False
[0, 2, 0, 0, 0, 2, 0, 0, 0, 2]: 2: False
[2, 0, 0, 0, 2, 0, 0, 0, 2, 2]: 2: False
[0, 0, 0, 2, 0, 0, 0, 2, 2, 2]: 0: False
[0, 0, 2, 0, 0, 0, 2, 2, 2, 0]: 20: False
[0, 2, 0, 0, 0, 2, 2, 2, 0, 20]: 1: False
[2, 0, 0, 20, 0, 0, 0, 2, 0, 0]: 0: False
[0, 0, 20, 0, 0, 0, 2, 0, 0, 0]: 2: False
[0, 20, 0, 0, 0, 2, 0, 0, 0, 2]: 0: False
[20, 0, 0, 0, 2, 0, 0, 0, 2, 0]: 0: False
[0, 0, 0, 2, 0, 0, 0, 2, 0, 0]: 0: False
[0, 0, 2, 0, 0, 0, 2, 0, 0, 0]: 2: False
[0, 2, 0, 0, 0, 2, 0, 0, 0, 2]: 2: False
[2, 0, 0, 0, 2, 0, 0, 0, 2, 2]: 2: False
[0, 0, 0, 2, 0, 0, 0, 2, 2, 2]: 0: False
[0, 0, 2, 0, 0, 0, 2, 2, 2, 0]: 20: False
[0, 2, 0, 0, 0, 2, 2, 2, 0, 20]: 1: False
[0, 0, 0, 2, 0, 0, 0, 0, 20, 1]: 0: False
[0, 0, 2, 0, 0, 0, 0, 20, 1, 0]: 0: False
[0, 2, 0, 0, 0, 0, 20, 1, 0, 0]: 0: False
[2, 0, 0, 0, 2, 2, 2, 0, 20, 1]: 0: False
[0, 0, 0, 2, 2, 2, 0, 20, 1, 0]: 2: False
[0, 0, 2, 2, 2, 0, 20, 1, 0, 2]: 0: False
[0, 2, 2, 2, 0, 20, 1, 0, 2, 0]: 0: False
[2, 2, 2, 0, 20, 1, 0, 2, 0, 0]: 0: False
[2, 2, 0, 20, 1, 0, 2, 0, 0, 0]: 2: False
[2, 0, 20, 1, 0, 2, 0, 0, 0, 2]: 2: False
[0, 20, 1, 0, 2, 0, 0, 0, 2, 2]: 1: False
[20, 1, 0, 2, 0, 0, 0, 2, 2, 1]: 2: False
[1, 0, 2, 0, 0, 0, 2, 2, 1, 2]: 2: False
[0, 2, 0, 0, 0, 2, 2, 1, 2, 2]: 2: False
[2, 0, 0, 0, 2, 2, 1, 2, 2, 2]: 0: False
[0, 0, 0, 2, 2, 1, 2, 2, 2, 0]: 0: False
[0, 0, 2, 2, 1, 2, 2, 2, 0, 0]: 0: False
[0, 2, 2, 1, 2, 2, 2, 0, 0, 0]: 42: False
[2, 2, 1, 2, 2, 2, 0, 0, 0, 42]: 1: False
[2, 1, 2, 2, 2, 0, 0, 0, 42, 1]: 1: False
[1, 2, 2, 2, 0, 0, 0, 42, 1, 1]: 1: False
[2, 2, 2, 0, 0, 0, 42, 1, 1, 1]: 1: False
[2, 2, 0, 0, 0, 42, 1, 1, 1, 1]: 1: False
[2, 0, 0, 0, 42, 1, 1, 1, 1, 1]: 1: False
[0, 0, 0, 42, 1, 1, 1, 1, 1, 1]: 1: False
[0, 0, 42, 1, 1, 1, 1, 1, 1, 1]: 1: False
[0, 42, 1, 1, 1, 1, 1, 1, 1, 1]: 1: False
[42, 1, 1, 1, 1, 1, 1, 1, 1, 1]: 1: False
[1, 1, 1, 1, 1, 1, 1, 1, 1, 1]: 1: False
[1, 1, 1, 1, 1, 1, 1, 1, 1, 1]: 1: False
[1, 1, 1, 1, 1, 1, 1, 1, 1, 1]: 1: False
[1, 1, 1, 1, 1, 1, 1, 1, 1, 1]: 1: False
[1, 1, 1, 1, 1, 1, 1, 1, 1, 1]: 1: False
[1, 1, 1, 1, 1, 1, 1, 1, 1, 1]: 1: False
[1, 1, 1, 1, 1, 1, 1, 1, 1, 1]: 1: False
[1, 1, 1, 1, 1, 1, 1, 1, 1, 1]: 1: False
[1, 1, 1, 1, 1, 1, 1, 1, 1, 1]: 1: False
[1, 1, 1, 1, 1, 1, 1, 1, 1, 1]: 1: False
[1, 1, 1, 1, 1, 1, 1, 1, 1, 1]: 1: False
[1, 1, 1, 1, 1, 1, 1, 1, 1, 1]: 1: False
[1, 1, 1, 1, 1, 1, 1, 1, 1, 1]: 1: False
[1, 1, 1, 1, 1, 1, 1, 1, 1, 1]: 1: False
[1, 1, 1, 1, 1, 1, 1, 1, 1, 1]: 1: False
[1, 1, 1, 1, 1, 1, 1, 1, 1, 1]: 1: False
[1, 1, 1, 1, 1, 1, 1, 1, 1, 1]: 1: False
[1, 1, 1, 1, 1, 1, 1, 1, 1, 1]: 1: False
[1, 1, 1, 1, 1, 1, 1, 1, 1, 1]: 1: False
[1, 1, 1, 1, 1, 1, 1, 1, 1, 1]: 1: False
[1, 1, 1, 1, 1, 1, 1, 1, 1, 1]: 1: False
[1, 1, 1, 1, 1, 1, 1, 1, 1, 1]: 1: False
[1, 1, 1, 1, 1, 1, 1, 1, 1, 1]: 1: False
[1, 1, 1, 1, 1, 1, 1, 1, 1, 1]: 1: False
[1, 1, 1, 1, 1, 1, 1, 1, 1, 1]: 1: False
[1, 1, 1, 1, 1, 1, 1, 1, 1, 1]: 1: False
[1, 1, 1, 1, 1, 1, 1, 1, 1, 1]: 2: False
[1, 1, 1, 1, 1, 1, 1, 1, 1, 2]: 0: False
[1, 1, 1, 1, 1, 1, 1, 1, 2, 0]: 20: False
[1, 1, 1, 1, 1, 1, 1, 2, 0, 20]: 20: False
[1, 1, 1, 1, 1, 1, 2, 0, 20, 20]: 20: False
[1, 1, 1, 1, 1, 2, 0, 20, 20, 20]: 20: False
[1, 1, 1, 1, 2, 0, 20, 20, 20, 20]: 20: False
[1, 1, 1, 2, 0, 20, 20, 20, 20, 20]: 20: False
[1, 1, 2, 0, 20, 20, 20, 20, 20, 20]: 20: False
[1, 2, 0, 20, 20, 20, 20, 20, 20, 20]: 20: False
[2, 0, 20, 20, 20, 20, 20, 20, 20, 20]: 20: False
[0, 20, 20, 20, 20, 20, 20, 20, 20, 20]: 20: False
[20, 20, 20, 20, 20, 20, 20, 20, 20, 20]: 1: False
[20, 20, 20, 20, 20, 20, 20, 20, 20, 1]: 0: False
[0, 2, 0, 0, 2, 2, 2, 2, 2, 0]: 2: False
[2, 0, 0, 2, 2, 2, 2, 2, 0, 2]: 2: False
[0, 0, 2, 2, 2, 2, 2, 0, 2, 2]: 0: False
[0, 2, 2, 2, 2, 2, 0, 2, 2, 0]: 0: False
[2, 2, 2, 2, 2, 0, 2, 2, 0, 0]: 0: False
[2, 2, 2, 2, 0, 2, 2, 0, 0, 0]: 0: False
[2, 2, 2, 0, 2, 2, 0, 0, 0, 0]: 2: False
[2, 2, 0, 2, 2, 0, 0, 0, 0, 2]: 2: False
[2, 0, 2, 2, 0, 0, 0, 0, 2, 2]: 0: False
[0, 2, 2, 0, 0, 0, 0, 2, 2, 0]: 0: False
[2, 2, 0, 0, 0, 0, 2, 2, 0, 0]: 0: False
[2, 0, 0, 0, 0, 2, 2, 0, 0, 0]: 42: False
[0, 0, 0, 0, 2, 2, 0, 0, 0, 42]: 1: False
[1, 1, 1, 1, 1, 1, 1, 1, 1, 1]: 1: False
[1, 1, 1, 1, 1, 1, 1, 1, 1, 1]: 1: False
[0, 0, 0, 2, 2, 0, 0, 0, 42, 1]: 42: False
[0, 0, 2, 2, 0, 0, 0, 42, 1, 42]: 2: False
[0, 2, 2, 0, 0, 0, 42, 1, 42, 2]: 0: False
[2, 2, 0, 0, 0, 42, 1, 42, 2, 0]: 0: False
[2, 0, 0, 0, 42, 1, 42, 2, 0, 0]: 0: False
[0, 0, 0, 42, 1, 42, 2, 0, 0, 0]: 2: False
[0, 0, 42, 1, 42, 2, 0, 0, 0, 2]: 0: False
[0, 42, 1, 42, 2, 0, 0, 0, 2, 0]: 0: False
[42, 1, 42, 2, 0, 0, 0, 2, 0, 0]: 0: False
[1, 42, 2, 0, 0, 0, 2, 0, 0, 0]: 2: False
[42, 2, 0, 0, 0, 2, 0, 0, 0, 2]: 0: False
[2, 0, 0, 0, 2, 0, 0, 0, 2, 0]: 0: False
[0, 0, 0, 2, 0, 0, 0, 2, 0, 0]: 0: False
[0, 0, 2, 0, 0, 0, 2, 0, 0, 0]: 2: False
[0, 2, 0, 0, 0, 2, 0, 0, 0, 2]: 0: False
[2, 0, 0, 0, 2, 0, 0, 0, 2, 0]: 0: False
[0, 0, 0, 2, 0, 0, 0, 2, 0, 0]: 0: False
[0, 0, 2, 0, 0, 0, 2, 0, 0, 0]: 2: False
[0, 2, 0, 0, 0, 2, 0, 0, 0, 2]: 0: False
[2, 0, 0, 0, 2, 0, 0, 0, 2, 0]: 0: False
[0, 0, 0, 2, 0, 0, 0, 2, 0, 0]: 0: False
[0, 0, 2, 0, 0, 0, 2, 0, 0, 0]: 2: False
[0, 2, 0, 0, 0, 2, 0, 0, 0, 2]: 0: False
[2, 0, 0, 0, 2, 0, 0, 0, 2, 0]: 0: False
[0, 0, 0, 2, 0, 0, 0, 2, 0, 0]: 0: False
[0, 0, 2, 0, 0, 0, 2, 0, 0, 0]: 2: False
[0, 2, 0, 0, 0, 2, 0, 0, 0, 2]: 0: False
[2, 0, 0, 0, 2, 0, 0, 0, 2, 0]: 0: False
[0, 0, 0, 2, 0, 0, 0, 2, 0, 0]: 0: False
[0, 0, 2, 0, 0, 0, 2, 0, 0, 0]: 2: False
[0, 2, 0, 0, 0, 2, 0, 0, 0, 2]: 0: False
[2, 0, 0, 0, 2, 0, 0, 0, 2, 0]: 0: False
[0, 0, 0, 2, 0, 0, 0, 2, 0, 0]: 0: False
[0, 0, 2, 0, 0, 0, 2, 0, 0, 0]: 2: False
[0, 2, 0, 0, 0, 2, 0, 0, 0, 2]: 0: False
[2, 0, 0, 0, 2, 0, 0, 0, 2, 0]: 0: False
[0, 0, 0, 2, 0, 0, 0, 2, 0, 0]: 0: False
[0, 0, 2, 0, 0, 0, 2, 0, 0, 0]: 2: False
[0, 2, 0, 0, 0, 2, 0, 0, 0, 2]: 0: False
[2, 0, 0, 0, 2, 0, 0, 0, 2, 0]: 0: False
[0, 0, 0, 2, 0, 0, 0, 2, 0, 0]: 0: False
[0, 0, 2, 0, 0, 0, 2, 0, 0, 0]: 2: False
[0, 2, 0, 0, 0, 2, 0, 0, 0, 2]: 0: False
[2, 0, 0, 0, 2, 0, 0, 0, 2, 0]: 0: False
[0, 0, 0, 2, 0, 0, 0, 2, 0, 0]: 0: False
[0, 0, 2, 0, 0, 0, 2, 0, 0, 0]: 2: False
[0, 2, 0, 0, 0, 2, 0, 0, 0, 2]: 0: False
[2, 0, 0, 0, 2, 0, 0, 0, 2, 0]: 0: False
[0, 0, 0, 2, 0, 0, 0, 2, 0, 0]: 0: False
[0, 0, 2, 0, 0, 0, 2, 0, 0, 0]: 2: False
[0, 2, 0, 0, 0, 2, 0, 0, 0, 2]: 0: False
[2, 0, 0, 0, 2, 0, 0, 0, 2, 0]: 0: False
[0, 0, 0, 2, 0, 0, 0, 2, 0, 0]: 0: False
[0, 0, 2, 0, 0, 0, 2, 0, 0, 0]: 2: False
[0, 2, 0, 0, 0, 2, 0, 0, 0, 2]: 0: False
[2, 0, 0, 0, 2, 0, 0, 0, 2, 0]: 0: False
[0, 0, 0, 2, 0, 0, 0, 2, 0, 0]: 0: False
[0, 0, 2, 0, 0, 0, 2, 0, 0, 0]: 2: False
[0, 2, 0, 0, 0, 2, 0, 0, 0, 2]: 0: False
[2, 0, 0, 0, 2, 0, 0, 0, 2, 0]: 0: False
[0, 0, 0, 2, 0, 0, 0, 2, 0, 0]: 0: False
[0, 0, 2, 0, 0, 0, 2, 0, 0, 0]: 2: False
[0, 2, 0, 0, 0, 2, 0, 0, 0, 2]: 0: False
[2, 0, 0, 0, 2, 0, 0, 0, 2, 0]: 0: False
[0, 0, 0, 2, 0, 0, 0, 2, 0, 0]: 0: False
[0, 0, 2, 0, 0, 0, 2, 0, 0, 0]: 2: False
[0, 2, 0, 0, 0, 2, 0, 0, 0, 2]: 2: False
[2, 0, 0, 0, 2, 0, 0, 0, 2, 2]: 2: False
[0, 0, 0, 2, 0, 0, 0, 2, 2, 2]: 0: False
[0, 0, 2, 0, 0, 0, 2, 2, 2, 0]: 0: False
[0, 2, 0, 0, 0, 2, 2, 2, 0, 0]: 0: False
[2, 0, 0, 0, 2, 2, 2, 0, 0, 0]: 2: False
[0, 0, 0, 2, 2, 2, 0, 0, 0, 2]: 0: False
[0, 0, 2, 2, 2, 0, 0, 0, 2, 0]: 20: False
[0, 2, 2, 2, 0, 0, 0, 2, 0, 20]: 1: False
[1, 1, 1, 1, 1, 1, 1, 1, 1, 1]: 1: False
[1, 1, 1, 1, 1, 1, 1, 1, 1, 1]: 1: False
[1, 1, 1, 1, 1, 1, 1, 1, 1, 1]: 1: False
[2, 0, 0, 0, 2, 2, 2, 0, 20, 1]: 20: False
[0, 0, 0, 2, 2, 2, 0, 20, 1, 20]: 0: False
[0, 0, 2, 2, 2, 0, 20, 1, 20, 0]: 0: False
[0, 2, 2, 2, 0, 20, 1, 20, 0, 0]: 0: False
[2, 0, 0, 0, 2, 2, 2, 0, 20, 1]: 20: False
[0, 0, 0, 2, 2, 2, 0, 20, 1, 20]: 0: False
[0, 0, 2, 2, 2, 0, 20, 1, 20, 0]: 0: False
[0, 2, 2, 2, 0, 20, 1, 20, 0, 0]: 0: False
[1, 1, 1, 1, 1, 1, 1, 1, 1, 1]: 1: False
[1, 1, 1, 1, 1, 1, 1, 1, 1, 1]: 1: False
[2, 0, 42, 0, 0, 105, 0, 2, 0, 0]: 2: False
[0, 42, 0, 0, 105, 0, 2, 0, 0, 2]: 2: False
[42, 0, 0, 105, 0, 2, 0, 0, 2, 2]: 2: False
[0, 0, 105, 0, 2, 0, 0, 2, 2, 2]: 2: False
[0, 105, 0, 2, 0, 0, 2, 2, 2, 2]: 2: False
[105, 0, 2, 0, 0, 2, 2, 2, 2, 2]: 2: False
[0, 2, 0, 0, 2, 2, 2, 2, 2, 2]: 2: False
[2, 0, 0, 2, 2, 2, 2, 2, 2, 2]: 2: False
[0, 0, 2, 2, 2, 2, 2, 2, 2, 2]: 2: False
[0, 2, 2, 2, 2, 2, 2, 2, 2, 2]: 2: False
[2, 2, 2, 2, 2, 2, 2, 2, 2, 2]: 2: False
[2, 2, 2, 2, 2, 2, 2, 2, 2, 2]: 2: False
[2, 2, 2, 2, 2, 2, 2, 2, 2, 2]: 2: False
[2, 2, 2, 2, 2, 2, 2, 2, 2, 2]: 2: False
[2, 2, 2, 2, 2, 2, 2, 2, 2, 2]: 2: False
[2, 2, 2, 2, 2, 2, 2, 2, 2, 2]: 2: False
[2, 2, 2, 2, 2, 2, 2, 2, 2, 2]: 2: False
[2, 2, 2, 2, 2, 2, 2, 2, 2, 2]: 2: False
[2, 2, 2, 2, 2, 2, 2, 2, 2, 2]: 2: False
[2, 2, 2, 2, 2, 2, 2, 2, 2, 2]: 2: False
[2, 2, 2, 2, 2, 2, 2, 2, 2, 2]: 2: False
[2, 2, 2, 2, 2, 2, 2, 2, 2, 2]: 2: False
[2, 2, 2, 2, 2, 2, 2, 2, 2, 2]: 2: False
[2, 2, 2, 2, 2, 2, 2, 2, 2, 2]: 2: False
[2, 2, 2, 2, 2, 2, 2, 2, 2, 2]: 2: False
[2, 2, 2, 2, 2, 2, 2, 2, 2, 2]: 0: False
[2, 2, 2, 2, 2, 2, 2, 2, 2, 0]: 0: False
[2, 2, 2, 2, 2, 2, 2, 2, 0, 0]: 0: False
[2, 2, 2, 2, 2, 2, 2, 0, 0, 0]: 0: False
[2, 2, 2, 2, 2, 2, 0, 0, 0, 0]: 0: False
[2, 2, 2, 2, 2, 0, 0, 0, 0, 0]: 0: False
[2, 2, 2, 2, 0, 0, 0, 0, 0, 0]: 2: False
[2, 2, 2, 0, 0, 0, 0, 0, 0, 2]: 0: False
[2, 2, 0, 0, 0, 0, 0, 0, 2, 0]: 2: False
[2, 0, 0, 0, 0, 0, 0, 2, 0, 2]: 2: False
[0, 0, 0, 0, 0, 0, 2, 0, 2, 2]: 0: False
[0, 0, 0, 0, 0, 2, 0, 2, 2, 0]: 0: False
[0, 0, 0, 0, 2, 0, 2, 2, 0, 0]: 0: False
[0, 0, 0, 2, 0, 2, 2, 0, 0, 0]: 0: False
[0, 0, 2, 0, 2, 2, 0, 0, 0, 0]: 2: False
[0, 2, 0, 2, 2, 0, 0, 0, 0, 2]: 2: False
[2, 0, 2, 2, 0, 0, 0, 0, 2, 2]: 2: False
[0, 2, 2, 0, 0, 0, 0, 2, 2, 2]: 0: False
[2, 2, 0, 0, 0, 0, 2, 2, 2, 0]: 0: False
[2, 0, 0, 0, 0, 2, 2, 2, 0, 0]: 2: False
[0, 0, 0, 0, 2, 2, 2, 0, 0, 2]: 2: False
[0, 0, 0, 2, 2, 2, 0, 0, 2, 2]: 2: False
[0, 0, 2, 2, 2, 0, 0, 2, 2, 2]: 2: False
[0, 2, 2, 2, 0, 0, 2, 2, 2, 2]: 2: False
[2, 2, 2, 0, 0, 2, 2, 2, 2, 2]: 2: False
[2, 2, 0, 0, 2, 2, 2, 2, 2, 2]: 2: False
[2, 0, 0, 2, 2, 2, 2, 2, 2, 2]: 2: False
[0, 0, 2, 2, 2, 2, 2, 2, 2, 2]: 2: False
[0, 2, 2, 2, 2, 2, 2, 2, 2, 2]: 2: False
[2, 2, 2, 2, 2, 2, 2, 2, 2, 2]: 2: False
[2, 2, 2, 2, 2, 2, 2, 2, 2, 2]: 2: False
[2, 2, 2, 2, 2, 2, 2, 2, 2, 2]: 2: False
[2, 2, 2, 2, 2, 2, 2, 2, 2, 2]: 2: False
[2, 2, 2, 2, 2, 2, 2, 2, 2, 2]: 2: False
[2, 2, 2, 2, 2, 2, 2, 2, 2, 2]: 2: False
[2, 2, 2, 2, 2, 2, 2, 2, 2, 2]: 2: False
[2, 2, 2, 2, 2, 2, 2, 2, 2, 2]: 2: False
[2, 2, 2, 2, 2, 2, 2, 2, 2, 2]: 2: False
[2, 2, 2, 2, 2, 2, 2, 2, 2, 2]: 2: False
[2, 2, 2, 2, 2, 2, 2, 2, 2, 2]: 2: False
[2, 2, 2, 2, 2, 2, 2, 2, 2, 2]: 2: False
[2, 2, 2, 2, 2, 2, 2, 2, 2, 2]: 2: False
[2, 2, 2, 2, 2, 2, 2, 2, 2, 2]: 2: False
[2, 2, 2, 2, 2, 2, 2, 2, 2, 2]: 2: False
[2, 2, 2, 2, 2, 2, 2, 2, 2, 2]: 2: False
[2, 2, 2, 2, 2, 2, 2, 2, 2, 2]: 2: False
[2, 2, 2, 2, 2, 2, 2, 2, 2, 2]: 2: False
[2, 2, 2, 2, 2, 2, 2, 2, 2, 2]: 2: False
[2, 2, 2, 2, 2, 2, 2, 2, 2, 2]: 2: False
[2, 2, 2, 2, 2, 2, 2, 2, 2, 2]: 2: False
[2, 2, 2, 2, 2, 2, 2, 2, 2, 2]: 2: False
[2, 2, 2, 2, 2, 2, 2, 2, 2, 2]: 2: False
[2, 2, 2, 2, 2, 2, 2, 2, 2, 2]: 0: False
[2, 2, 2, 2, 2, 2, 2, 2, 2, 0]: 0: False
[2, 2, 2, 2, 2, 2, 2, 2, 0, 0]: 42: False
[59, 2, 2, 2, 2, 0, 2, 0, 2, 2]: 2: False
[2, 2, 2, 2, 0, 2, 0, 2, 2, 2]: 0: False
[2, 2, 2, 0, 2, 0, 2, 2, 2, 0]: 2: False
[2, 2, 0, 2, 0, 2, 2, 2, 0, 2]: 2: False
[2, 0, 2, 0, 2, 2, 2, 0, 2, 2]: 0: False
[0, 2, 0, 2, 2, 2, 0, 2, 2, 0]: 2: False
[2, 0, 2, 2, 2, 0, 2, 2, 0, 2]: 2: False
[0, 2, 2, 2, 0, 2, 2, 0, 2, 2]: 0: False
[2, 2, 2, 0, 2, 2, 0, 2, 2, 0]: 2: False
[2, 2, 0, 2, 2, 0, 2, 2, 0, 2]: 0: False
[2, 0, 2, 2, 0, 2, 2, 0, 2, 0]: 2: False
[0, 2, 2, 0, 2, 2, 0, 2, 0, 2]: 0: False
[2, 2, 0, 2, 2, 0, 2, 0, 2, 0]: 2: False
[2, 0, 2, 2, 0, 2, 0, 2, 0, 2]: 42: False
[0, 2, 2, 0, 2, 0, 2, 0, 2, 42]: 1: False
[2, 2, 0, 2, 0, 2, 0, 2, 42, 1]: 0: False
[2, 0, 2, 0, 2, 0, 2, 42, 1, 0]: 2: False
[0, 2, 0, 2, 0, 2, 42, 1, 0, 2]: 0: False
[2, 0, 2, 0, 2, 42, 1, 0, 2, 0]: 42: True
[0, 2, 0, 2, 42, 1, 0, 2, 0, 42]: 1: False
[2, 0, 2, 42, 1, 0, 2, 0, 42, 1]: 2: False
[0, 2, 42, 1, 0, 2, 0, 42, 1, 2]: 0: False
[2, 42, 1, 0, 2, 0, 42, 1, 2, 0]: 0: False
[0, 2, 0, 2, 0, 2, 0, 2, 2, 0]: 2: False
[2, 0, 2, 0, 2, 0, 2, 2, 0, 2]: 0: False
[0, 2, 0, 2, 0, 2, 2, 0, 2, 0]: 2: False
[2, 0, 2, 0, 2, 2, 0, 2, 0, 2]: 0: False
[0, 2, 0, 2, 2, 0, 2, 0, 2, 0]: 0: False
[2, 0, 2, 2, 0, 2, 0, 2, 0, 0]: 2: False
[0, 2, 2, 0, 2, 0, 2, 0, 0, 2]: 0: False
[2, 2, 0, 2, 0, 2, 0, 0, 2, 0]: 2: False
[2, 0, 2, 0, 2, 0, 0, 2, 0, 2]: 0: False
[0, 2, 0, 2, 0, 0, 2, 0, 2, 0]: 0: False
[2, 0, 2, 0, 0, 2, 0, 2, 0, 0]: 2: False
[0, 2, 0, 0, 2, 0, 2, 0, 0, 2]: 0: False
[2, 0, 0, 2, 0, 2, 0, 0, 2, 0]: 0: False
[0, 0, 2, 0, 2, 0, 0, 2, 0, 0]: 2: False
[0, 2, 0, 2, 0, 0, 2, 0, 0, 2]: 0: False
[2, 0, 2, 0, 0, 2, 0, 0, 2, 0]: 2: False
[0, 2, 0, 0, 2, 0, 0, 2, 0, 2]: 0: False
[2, 0, 0, 2, 0, 0, 2, 0, 2, 0]: 2: False
[0, 0, 2, 0, 0, 2, 0, 2, 0, 2]: 2: False
[0, 2, 0, 0, 2, 0, 2, 0, 2, 2]: 0: False
[2, 0, 0, 2, 0, 2, 0, 2, 2, 0]: 0: False
[0, 0, 2, 0, 2, 0, 2, 2, 0, 0]: 0: False
[0, 2, 0, 2, 0, 2, 2, 0, 0, 0]: 2: False
[2, 0, 2, 0, 2, 2, 0, 0, 0, 2]: 0: False
[0, 2, 0, 2, 2, 0, 0, 0, 2, 0]: 2: False
[2, 0, 2, 2, 0, 0, 0, 2, 0, 2]: 0: False
[0, 2, 2, 0, 0, 0, 2, 0, 2, 0]: 0: False
[2, 2, 0, 0, 0, 2, 0, 2, 0, 0]: 2: False
[2, 0, 0, 0, 2, 0, 2, 0, 0, 2]: 0: False
[0, 0, 0, 2, 0, 2, 0, 0, 2, 0]: 0: False
[0, 0, 2, 0, 2, 0, 0, 2, 0, 0]: 2: False
[0, 2, 0, 2, 0, 0, 2, 0, 0, 2]: 0: False
[2, 0, 2, 0, 0, 2, 0, 0, 2, 0]: 0: False
[0, 2, 0, 0, 2, 0, 0, 2, 0, 0]: 2: False
[2, 0, 0, 2, 0, 0, 2, 0, 0, 2]: 0: False
[0, 0, 2, 0, 0, 2, 0, 0, 2, 0]: 0: False
[0, 2, 0, 0, 2, 0, 0, 2, 0, 0]: 0: False
[2, 0, 0, 2, 0, 0, 2, 0, 0, 0]: 2: False
[0, 0, 2, 0, 0, 2, 0, 0, 0, 2]: 0: False
[0, 2, 0, 0, 2, 0, 0, 0, 2, 0]: 0: False
[2, 0, 0, 2, 0, 0, 0, 2, 0, 0]: 0: False
[0, 0, 2, 0, 0, 0, 2, 0, 0, 0]: 2: False
[0, 2, 0, 0, 0, 2, 0, 0, 0, 2]: 0: False
[2, 0, 0, 0, 2, 0, 0, 0, 2, 0]: 0: False
[0, 0, 0, 2, 0, 0, 0, 2, 0, 0]: 0: False
[0, 0, 2, 0, 0, 0, 2, 0, 0, 0]: 42: False
[0, 2, 0, 0, 0, 2, 0, 0, 0, 42]: 0: False
[2, 0, 0, 0, 2, 0, 0, 0, 42, 0]: 0: False
[0, 0, 0, 2, 0, 0, 0, 42, 0, 0]: 2: False
[0, 0, 2, 0, 0, 0, 42, 0, 0, 2]: 2: False
[0, 2, 0, 0, 0, 42, 0, 0, 2, 2]: 0: False
[2, 0, 0, 0, 42, 0, 0, 2, 2, 0]: 0: False
[0, 0, 0, 42, 0, 0, 2, 2, 0, 0]: 0: False
[0, 0, 42, 0, 0, 2, 2, 0, 0, 0]: 49: False
[0, 42, 0, 0, 2, 2, 0, 0, 0, 49]: 2: False
[42, 0, 0, 2, 2, 0, 0, 0, 49, 2]: 0: False
[0, 0, 2, 2, 0, 0, 0, 49, 2, 0]: 0: False
[0, 2, 2, 0, 0, 0, 49, 2, 0, 0]: 0: False
[2, 2, 0, 0, 0, 49, 2, 0, 0, 0]: 42: False
[2, 0, 0, 0, 49, 2, 0, 0, 0, 42]: 0: False
[0, 0, 0, 49, 2, 0, 0, 0, 42, 0]: 0: False
[0, 0, 49, 2, 0, 0, 0, 42, 0, 0]: 2: False
[0, 49, 2, 0, 0, 0, 42, 0, 0, 2]: 49: False
[49, 2, 0, 0, 0, 42, 0, 0, 2, 49]: 1: False
[59, 2, 2, 2, 2, 0, 2, 0, 2, 0]: 2: False
[2, 2, 2, 2, 0, 2, 0, 2, 0, 2]: 2: False
[2, 2, 2, 0, 2, 0, 2, 0, 2, 2]: 2: False
[2, 2, 0, 2, 0, 2, 0, 2, 2, 2]: 0: False
[2, 0, 2, 0, 2, 0, 2, 2, 2, 0]: 2: False
[0, 2, 0, 2, 0, 2, 2, 2, 0, 2]: 0: False
[2, 0, 2, 0, 2, 2, 2, 0, 2, 0]: 2: False
[0, 2, 0, 2, 2, 2, 0, 2, 0, 2]: 42: False
[2, 0, 2, 2, 2, 0, 2, 0, 2, 42]: 2: False
[0, 2, 2, 2, 0, 2, 0, 2, 42, 2]: 0: False
[2, 2, 2, 0, 2, 0, 2, 42, 2, 0]: 1: False
[2, 2, 0, 2, 0, 2, 42, 2, 0, 1]: 1: False
[2, 0, 2, 0, 2, 42, 2, 0, 1, 1]: 0: False
[0, 2, 0, 2, 42, 2, 0, 1, 1, 0]: 42: False
[2, 0, 2, 42, 2, 0, 1, 1, 0, 42]: 1: False
[0, 2, 42, 2, 0, 1, 1, 0, 42, 1]: 1: False
[2, 0, 0, 0, 42, 0, 0, 2, 49, 1]: 0: False
[0, 0, 0, 42, 0, 0, 2, 49, 1, 0]: 42: False
[0, 0, 42, 0, 0, 2, 49, 1, 0, 42]: 0: False
[0, 42, 0, 0, 2, 49, 1, 0, 42, 0]: 0: False
[42, 0, 0, 2, 49, 1, 0, 42, 0, 0]: 1: False
[2, 42, 2, 0, 1, 1, 0, 42, 1, 1]: 0: False
[42, 2, 0, 1, 1, 0, 42, 1, 1, 0]: 1: False
[2, 0, 1, 1, 0, 42, 1, 1, 0, 1]: 1: False
[0, 1, 1, 0, 42, 1, 1, 0, 1, 1]: 0: False
[1, 1, 0, 42, 1, 1, 0, 1, 1, 0]: 1: False
[1, 0, 42, 1, 1, 0, 1, 1, 0, 1]: 2: False
[0, 42, 1, 1, 0, 1, 1, 0, 1, 2]: 0: False
[42, 1, 1, 0, 1, 1, 0, 1, 2, 0]: 42: False
[1, 1, 0, 1, 1, 0, 1, 2, 0, 42]: 42: False
[1, 0, 1, 1, 0, 1, 2, 0, 42, 42]: 0: False
[0, 1, 1, 0, 1, 2, 0, 42, 42, 0]: 0: False
[2, 2, 2, 2, 2, 2, 2, 0, 0, 42]: 2: False
[2, 2, 2, 2, 2, 2, 0, 0, 42, 2]: 0: False
[2, 2, 2, 2, 2, 0, 0, 42, 2, 0]: 2: False
[2, 2, 2, 2, 0, 0, 42, 2, 0, 2]: 2: False
[2, 2, 2, 0, 0, 42, 2, 0, 2, 2]: 0: False
[2, 2, 0, 0, 42, 2, 0, 2, 2, 0]: 0: False
[2, 0, 0, 42, 2, 0, 2, 2, 0, 0]: 0: False
[0, 0, 42, 2, 0, 2, 2, 0, 0, 0]: 42: False
[0, 42, 2, 0, 2, 2, 0, 0, 0, 42]: 1: False
[1, 1, 1, 1, 1, 1, 1, 1, 1, 1]: 1: False
[1, 1, 1, 1, 1, 1, 1, 1, 1, 1]: 1: False
[1, 1, 1, 1, 1, 1, 1, 1, 1, 1]: 1: False
[42, 2, 0, 2, 2, 0, 0, 0, 42, 1]: 42: False
[2, 0, 2, 2, 0, 0, 0, 42, 1, 42]: 2: False
[0, 2, 2, 0, 0, 0, 42, 1, 42, 2]: 2: False
[2, 2, 0, 0, 0, 42, 1, 42, 2, 2]: 2: False
[2, 0, 0, 0, 42, 1, 42, 2, 2, 2]: 2: False
[0, 0, 0, 42, 1, 42, 2, 2, 2, 2]: 2: False
[0, 0, 42, 1, 42, 2, 2, 2, 2, 2]: 2: False
[0, 42, 1, 42, 2, 2, 2, 2, 2, 2]: 2: False
[42, 1, 42, 2, 2, 2, 2, 2, 2, 2]: 2: False
[1, 42, 2, 2, 2, 2, 2, 2, 2, 2]: 2: False
[42, 2, 2, 2, 2, 2, 2, 2, 2, 2]: 0: False
[2, 2, 2, 2, 2, 2, 2, 2, 2, 0]: 0: False
[2, 2, 2, 2, 2, 2, 2, 2, 0, 0]: 0: False
[2, 2, 2, 2, 2, 2, 2, 0, 0, 0]: 1: False
[1, 1, 1, 1, 1, 1, 1, 1, 1, 1]: 1: False
[20, 20, 20, 20, 20, 20, 20, 20, 1, 0]: 0: False
[20, 20, 20, 20, 20, 20, 20, 1, 0, 0]: 2: False
[20, 20, 20, 20, 20, 20, 1, 0, 0, 2]: 0: False
[20, 20, 20, 20, 20, 1, 0, 0, 2, 0]: 0: False
[20, 20, 20, 20, 1, 0, 0, 2, 0, 0]: 0: False
[20, 20, 20, 1, 0, 0, 2, 0, 0, 0]: 2: False
[20, 20, 1, 0, 0, 2, 0, 0, 0, 2]: 1: False
[20, 1, 0, 0, 2, 0, 0, 0, 2, 1]: 2: False
[1, 0, 0, 2, 0, 0, 0, 2, 1, 2]: 2: False
[0, 0, 2, 0, 0, 0, 2, 1, 2, 2]: 2: False
[0, 2, 0, 0, 0, 2, 1, 2, 2, 2]: 0: False
[2, 0, 0, 0, 2, 1, 2, 2, 2, 0]: 0: False
[0, 0, 0, 2, 1, 2, 2, 2, 0, 0]: 0: False
[0, 0, 2, 1, 2, 2, 2, 0, 0, 0]: 42: False
[0, 2, 1, 2, 2, 2, 0, 0, 0, 42]: 1: False
[2, 1, 2, 2, 2, 0, 0, 0, 42, 1]: 1: False
[1, 2, 2, 2, 0, 0, 0, 42, 1, 1]: 1: False
[2, 2, 2, 0, 0, 0, 42, 1, 1, 1]: 1: False
[2, 2, 0, 0, 0, 42, 1, 1, 1, 1]: 1: False
[2, 0, 0, 0, 42, 1, 1, 1, 1, 1]: 1: False
[0, 0, 0, 42, 1, 1, 1, 1, 1, 1]: 1: False
[0, 0, 42, 1, 1, 1, 1, 1, 1, 1]: 1: False
[0, 42, 1, 1, 1, 1, 1, 1, 1, 1]: 1: False
[42, 1, 1, 1, 1, 1, 1, 1, 1, 1]: 1: False
[1, 1, 1, 1, 1, 1, 1, 1, 1, 1]: 1: False
[1, 1, 1, 1, 1, 1, 1, 1, 1, 1]: 1: False
[1, 1, 1, 1, 1, 1, 1, 1, 1, 1]: 1: False
[1, 1, 1, 1, 1, 1, 1, 1, 1, 1]: 1: False
[1, 1, 1, 1, 1, 1, 1, 1, 1, 1]: 1: False
[1, 1, 1, 1, 1, 1, 1, 1, 1, 1]: 1: False
[1, 1, 1, 1, 1, 1, 1, 1, 1, 1]: 1: False
[1, 1, 1, 1, 1, 1, 1, 1, 1, 1]: 1: False
[1, 1, 1, 1, 1, 1, 1, 1, 1, 1]: 1: False
[1, 1, 1, 1, 1, 1, 1, 1, 1, 1]: 1: False
[1, 1, 1, 1, 1, 1, 1, 1, 1, 1]: 1: False
[1, 1, 1, 1, 1, 1, 1, 1, 1, 1]: 1: False
[1, 1, 1, 1, 1, 1, 1, 1, 1, 1]: 1: False
[1, 1, 1, 1, 1, 1, 1, 1, 1, 1]: 1: False
[1, 1, 1, 1, 1, 1, 1, 1, 1, 1]: 1: False
[1, 1, 1, 1, 1, 1, 1, 1, 1, 1]: 1: False
[1, 1, 1, 1, 1, 1, 1, 1, 1, 1]: 1: False
[1, 1, 1, 1, 1, 1, 1, 1, 1, 1]: 1: False
[1, 1, 1, 1, 1, 1, 1, 1, 1, 1]: 1: False
[1, 1, 1, 1, 1, 1, 1, 1, 1, 1]: 1: False
[1, 1, 1, 1, 1, 1, 1, 1, 1, 1]: 1: False
[1, 1, 1, 1, 1, 1, 1, 1, 1, 1]: 1: False
[1, 1, 1, 1, 1, 1, 1, 1, 1, 1]: 1: False
[1, 1, 1, 1, 1, 1, 1, 1, 1, 1]: 1: False
[1, 1, 1, 1, 1, 1, 1, 1, 1, 1]: 1: False
[1, 1, 1, 1, 1, 1, 1, 1, 1, 1]: 2: False
[1, 1, 1, 1, 1, 1, 1, 1, 1, 2]: 0: False
[1, 1, 1, 1, 1, 1, 1, 1, 2, 0]: 20: False
[1, 1, 1, 1, 1, 1, 1, 2, 0, 20]: 20: False
[1, 1, 1, 1, 1, 1, 2, 0, 20, 20]: 20: False
[1, 1, 1, 1, 1, 2, 0, 20, 20, 20]: 20: False
[1, 1, 1, 1, 2, 0, 20, 20, 20, 20]: 20: False
[1, 1, 1, 2, 0, 20, 20, 20, 20, 20]: 20: False
[1, 1, 2, 0, 20, 20, 20, 20, 20, 20]: 20: False
[1, 2, 0, 20, 20, 20, 20, 20, 20, 20]: 20: False
[2, 0, 20, 20, 20, 20, 20, 20, 20, 20]: 20: False
[0, 20, 20, 20, 20, 20, 20, 20, 20, 20]: 20: False
[20, 20, 20, 20, 20, 20, 20, 20, 20, 20]: 1: False
[20, 20, 20, 20, 20, 20, 20, 20, 20, 1]: 0: False
[1, 1, 1, 1, 1, 1, 1, 1, 1, 1]: 1: False
[1, 1, 1, 1, 1, 1, 1, 1, 1, 1]: 1: False
[2, 2, 2, 2, 2, 2, 0, 0, 0, 1]: 42: False
[2, 2, 2, 2, 2, 0, 0, 0, 1, 42]: 2: False
[2, 2, 2, 2, 0, 0, 0, 1, 42, 2]: 0: False
[2, 2, 2, 0, 0, 0, 1, 42, 2, 0]: 2: False
[2, 2, 0, 0, 0, 1, 42, 2, 0, 2]: 0: False
[2, 0, 0, 0, 1, 42, 2, 0, 2, 0]: 20: False
[0, 0, 0, 1, 42, 2, 0, 2, 0, 20]: 1: False
[1, 1, 1, 1, 1, 1, 1, 1, 1, 1]: 1: False
[1, 1, 1, 1, 1, 1, 1, 1, 1, 1]: 1: False
[1, 1, 1, 1, 1, 1, 1, 1, 1, 1]: 1: False
[1, 1, 1, 1, 1, 1, 1, 1, 1, 1]: 1: False
[0, 0, 1, 42, 2, 0, 2, 0, 20, 1]: 0: False
[0, 1, 42, 2, 0, 2, 0, 20, 1, 0]: 2: False
[1, 42, 2, 0, 2, 0, 20, 1, 0, 2]: 0: False
[42, 2, 0, 2, 0, 20, 1, 0, 2, 0]: 0: False
[2, 0, 2, 0, 20, 1, 0, 2, 0, 0]: 2: False
[0, 2, 0, 20, 1, 0, 2, 0, 0, 2]: 2: False
[2, 0, 20, 1, 0, 2, 0, 0, 2, 2]: 2: False
[0, 20, 1, 0, 2, 0, 0, 2, 2, 2]: 2: False
[20, 1, 0, 2, 0, 0, 2, 2, 2, 2]: 2: False
[1, 0, 2, 0, 0, 2, 2, 2, 2, 2]: 2: False
[0, 2, 0, 0, 2, 2, 2, 2, 2, 2]: 2: False
[2, 0, 0, 2, 2, 2, 2, 2, 2, 2]: 0: False
[0, 0, 2, 2, 2, 2, 2, 2, 2, 0]: 2: False
[0, 2, 2, 2, 2, 2, 2, 2, 0, 2]: 2: False
[2, 2, 2, 2, 2, 2, 2, 0, 2, 2]: 2: False
[2, 2, 2, 2, 2, 2, 0, 2, 2, 2]: 2: False
[2, 2, 2, 2, 2, 0, 2, 2, 2, 2]: 0: False
[2, 2, 2, 2, 0, 2, 2, 2, 2, 0]: 0: False
[2, 2, 2, 0, 2, 2, 2, 2, 0, 0]: 0: False
[2, 2, 0, 2, 2, 2, 2, 0, 0, 0]: 42: False
[2, 0, 2, 2, 2, 2, 0, 0, 0, 42]: 1: False
[1, 1, 1, 1, 1, 1, 1, 1, 1, 1]: 1: False
[1, 1, 1, 1, 1, 1, 1, 1, 1, 1]: 1: False
[1, 1, 1, 1, 1, 1, 1, 1, 1, 1]: 1: False
[0, 2, 2, 2, 2, 0, 0, 0, 42, 1]: 42: False
[2, 2, 2, 2, 0, 0, 0, 42, 1, 42]: 2: False
[2, 2, 2, 0, 0, 0, 42, 1, 42, 2]: 0: False
[2, 2, 0, 0, 0, 42, 1, 42, 2, 0]: 0: False
[2, 0, 0, 0, 42, 1, 42, 2, 0, 0]: 0: False
[0, 0, 0, 42, 1, 42, 2, 0, 0, 0]: 2: False
[0, 0, 42, 1, 42, 2, 0, 0, 0, 2]: 0: False
[0, 42, 1, 42, 2, 0, 0, 0, 2, 0]: 0: False
[42, 1, 42, 2, 0, 0, 0, 2, 0, 0]: 0: False
[1, 42, 2, 0, 0, 0, 2, 0, 0, 0]: 2: False
[42, 2, 0, 0, 0, 2, 0, 0, 0, 2]: 0: False
[2, 0, 0, 0, 2, 0, 0, 0, 2, 0]: 0: False
[0, 0, 0, 2, 0, 0, 0, 2, 0, 0]: 0: False
[0, 0, 2, 0, 0, 0, 2, 0, 0, 0]: 2: False
[0, 2, 0, 0, 0, 2, 0, 0, 0, 2]: 0: False
[2, 0, 0, 0, 2, 0, 0, 0, 2, 0]: 0: False
[0, 0, 0, 2, 0, 0, 0, 2, 0, 0]: 0: False
[0, 0, 2, 0, 0, 0, 2, 0, 0, 0]: 2: False
[0, 2, 0, 0, 0, 2, 0, 0, 0, 2]: 0: False
[2, 0, 0, 0, 2, 0, 0, 0, 2, 0]: 0: False
[0, 0, 0, 2, 0, 0, 0, 2, 0, 0]: 0: False
[0, 0, 2, 0, 0, 0, 2, 0, 0, 0]: 2: False
[0, 2, 0, 0, 0, 2, 0, 0, 0, 2]: 0: False
[2, 0, 0, 0, 2, 0, 0, 0, 2, 0]: 0: False
[0, 0, 0, 2, 0, 0, 0, 2, 0, 0]: 0: False
[0, 0, 2, 0, 0, 0, 2, 0, 0, 0]: 2: False
[0, 2, 0, 0, 0, 2, 0, 0, 0, 2]: 0: False
[2, 0, 0, 0, 2, 0, 0, 0, 2, 0]: 0: False
[0, 0, 0, 2, 0, 0, 0, 2, 0, 0]: 0: False
[0, 0, 2, 0, 0, 0, 2, 0, 0, 0]: 2: False
[0, 2, 0, 0, 0, 2, 0, 0, 0, 2]: 0: False
[2, 0, 0, 0, 2, 0, 0, 0, 2, 0]: 0: False
[0, 0, 0, 2, 0, 0, 0, 2, 0, 0]: 0: False
[0, 0, 2, 0, 0, 0, 2, 0, 0, 0]: 2: False
[0, 2, 0, 0, 0, 2, 0, 0, 0, 2]: 2: False
[2, 0, 0, 0, 2, 0, 0, 0, 2, 2]: 0: False
[0, 0, 0, 2, 0, 0, 0, 2, 2, 0]: 0: False
[0, 0, 2, 0, 0, 0, 2, 2, 0, 0]: 0: False
[0, 2, 0, 0, 0, 2, 2, 0, 0, 0]: 2: False
[2, 0, 0, 0, 2, 2, 0, 0, 0, 2]: 0: False
[0, 0, 0, 2, 2, 0, 0, 0, 2, 0]: 0: False
[0, 0, 2, 2, 0, 0, 0, 2, 0, 0]: 0: False
[0, 2, 2, 0, 0, 0, 2, 0, 0, 0]: 2: False
[2, 2, 0, 0, 0, 2, 0, 0, 0, 2]: 0: False
[2, 0, 0, 0, 2, 0, 0, 0, 2, 0]: 0: False
[0, 0, 0, 2, 0, 0, 0, 2, 0, 0]: 0: False
[0, 0, 2, 0, 0, 0, 2, 0, 0, 0]: 2: False
[0, 2, 0, 0, 0, 2, 0, 0, 0, 2]: 2: False
[2, 0, 0, 0, 2, 0, 0, 0, 2, 2]: 1: False
[1, 1, 1, 1, 1, 1, 1, 1, 1, 1]: 1: False
[1, 1, 1, 1, 1, 1, 1, 1, 1, 1]: 1: False
[1, 1, 1, 1, 1, 1, 1, 1, 1, 1]: 1: False
[0, 0, 0, 2, 0, 0, 0, 2, 2, 1]: 2: False
[0, 0, 2, 0, 0, 0, 2, 2, 1, 2]: 0: False
[0, 2, 0, 0, 0, 2, 2, 1, 2, 0]: 0: False
[2, 0, 0, 0, 2, 2, 1, 2, 0, 0]: 0: False
[0, 0, 0, 2, 2, 1, 2, 0, 0, 0]: 2: False
[0, 0, 2, 2, 1, 2, 0, 0, 0, 2]: 0: False
[0, 2, 2, 1, 2, 0, 0, 0, 2, 0]: 0: False
[2, 2, 1, 2, 0, 0, 0, 2, 0, 0]: 0: False
[2, 1, 2, 0, 0, 0, 2, 0, 0, 0]: 2: False
[1, 2, 0, 0, 0, 2, 0, 0, 0, 2]: 0: False
[2, 0, 0, 0, 2, 0, 0, 0, 2, 0]: 0: False
[0, 0, 0, 2, 0, 0, 0, 2, 0, 0]: 0: False
[0, 0, 2, 0, 0, 0, 2, 0, 0, 0]: 2: False
[0, 2, 0, 0, 0, 2, 0, 0, 0, 2]: 0: False
[2, 0, 0, 0, 2, 0, 0, 0, 2, 0]: 0: False
[0, 0, 0, 2, 0, 0, 0, 2, 0, 0]: 0: False
[0, 0, 2, 0, 0, 0, 2, 0, 0, 0]: 2: False
[0, 2, 0, 0, 0, 2, 0, 0, 0, 2]: 0: False
[2, 0, 0, 0, 2, 0, 0, 0, 2, 0]: 0: False
[0, 0, 0, 2, 0, 0, 0, 2, 0, 0]: 0: False
[0, 0, 2, 0, 0, 0, 2, 0, 0, 0]: 2: False
[0, 2, 0, 0, 0, 2, 0, 0, 0, 2]: 0: False
[2, 0, 0, 0, 2, 0, 0, 0, 2, 0]: 0: False
[0, 0, 0, 2, 0, 0, 0, 2, 0, 0]: 0: False
[0, 0, 2, 0, 0, 0, 2, 0, 0, 0]: 2: False
[0, 2, 0, 0, 0, 2, 0, 0, 0, 2]: 0: False
[2, 0, 0, 0, 2, 0, 0, 0, 2, 0]: 0: False
[0, 0, 0, 2, 0, 0, 0, 2, 0, 0]: 0: False
[0, 0, 2, 0, 0, 0, 2, 0, 0, 0]: 2: False
[0, 2, 0, 0, 0, 2, 0, 0, 0, 2]: 0: False
[2, 0, 0, 0, 2, 0, 0, 0, 2, 0]: 0: False
[0, 0, 0, 2, 0, 0, 0, 2, 0, 0]: 0: False
[0, 0, 2, 0, 0, 0, 2, 0, 0, 0]: 2: False
[0, 2, 0, 0, 0, 2, 0, 0, 0, 2]: 0: False
[2, 0, 0, 0, 2, 0, 0, 0, 2, 0]: 0: False
[0, 0, 0, 2, 0, 0, 0, 2, 0, 0]: 0: False
[0, 0, 2, 0, 0, 0, 2, 0, 0, 0]: 2: False
[0, 2, 0, 0, 0, 2, 0, 0, 0, 2]: 0: False
[2, 0, 0, 0, 2, 0, 0, 0, 2, 0]: 0: False
[0, 0, 0, 2, 0, 0, 0, 2, 0, 0]: 0: False
[0, 0, 2, 0, 0, 0, 2, 0, 0, 0]: 2: False
[0, 2, 0, 0, 0, 2, 0, 0, 0, 2]: 0: False
[2, 0, 0, 0, 2, 0, 0, 0, 2, 0]: 0: False
[0, 0, 0, 2, 0, 0, 0, 2, 0, 0]: 0: False
[0, 0, 2, 0, 0, 0, 2, 0, 0, 0]: 2: False
[0, 2, 0, 0, 0, 2, 0, 0, 0, 2]: 0: False
[2, 0, 0, 0, 2, 0, 0, 0, 2, 0]: 0: False
[0, 0, 0, 2, 0, 0, 0, 2, 0, 0]: 0: False
[0, 0, 2, 0, 0, 0, 2, 0, 0, 0]: 2: False
[0, 2, 0, 0, 0, 2, 0, 0, 0, 2]: 0: False
[2, 0, 0, 0, 2, 0, 0, 0, 2, 0]: 0: False
[0, 0, 0, 2, 0, 0, 0, 2, 0, 0]: 0: False
[0, 0, 2, 0, 0, 0, 2, 0, 0, 0]: 2: False
[0, 2, 0, 0, 0, 2, 0, 0, 0, 2]: 0: False
[2, 0, 0, 0, 2, 0, 0, 0, 2, 0]: 0: False
[0, 0, 0, 2, 0, 0, 0, 2, 0, 0]: 0: False
[0, 0, 2, 0, 0, 0, 2, 0, 0, 0]: 2: False
[0, 2, 0, 0, 0, 2, 0, 0, 0, 2]: 0: False
[2, 0, 0, 0, 2, 0, 0, 0, 2, 0]: 0: False
[0, 0, 0, 2, 0, 0, 0, 2, 0, 0]: 0: False
[0, 0, 2, 0, 0, 0, 2, 0, 0, 0]: 2: False
[0, 2, 0, 0, 0, 2, 0, 0, 0, 2]: 0: False
[2, 0, 0, 0, 2, 0, 0, 0, 2, 0]: 0: False
[0, 0, 0, 2, 0, 0, 0, 2, 0, 0]: 0: False
[0, 0, 2, 0, 0, 0, 2, 0, 0, 0]: 2: False
[0, 2, 0, 0, 0, 2, 0, 0, 0, 2]: 0: False
[2, 0, 0, 0, 2, 0, 0, 0, 2, 0]: 0: False
[0, 0, 0, 2, 0, 0, 0, 2, 0, 0]: 0: False
[0, 0, 2, 0, 0, 0, 2, 0, 0, 0]: 2: False
[0, 2, 0, 0, 0, 2, 0, 0, 0, 2]: 0: False
[2, 0, 0, 0, 2, 0, 0, 0, 2, 0]: 0: False
[0, 0, 0, 2, 0, 0, 0, 2, 0, 0]: 0: False
[0, 0, 2, 0, 0, 0, 2, 0, 0, 0]: 2: False
[0, 2, 0, 0, 0, 2, 0, 0, 0, 2]: 0: False
[2, 0, 0, 0, 2, 0, 0, 0, 2, 0]: 0: False
[0, 0, 0, 2, 0, 0, 0, 2, 0, 0]: 0: False
[0, 0, 2, 0, 0, 0, 2, 0, 0, 0]: 2: False
[0, 2, 0, 0, 0, 2, 0, 0, 0, 2]: 2: False
[2, 0, 0, 0, 2, 0, 0, 0, 2, 2]: 2: False
[0, 0, 0, 2, 0, 0, 0, 2, 2, 2]: 2: False
[0, 0, 2, 0, 0, 0, 2, 2, 2, 2]: 2: False
[0, 2, 0, 0, 0, 2, 2, 2, 2, 2]: 2: False
[2, 0, 0, 0, 2, 2, 2, 2, 2, 2]: 2: False
[0, 0, 0, 2, 2, 2, 2, 2, 2, 2]: 2: False
[0, 0, 2, 2, 2, 2, 2, 2, 2, 2]: 0: False
[0, 2, 2, 2, 2, 2, 2, 2, 2, 0]: 0: False
[2, 2, 2, 2, 2, 2, 2, 2, 0, 0]: 0: False
[2, 2, 2, 2, 2, 2, 2, 0, 0, 0]: 2: False
[2, 2, 2, 2, 2, 2, 0, 0, 0, 2]: 0: False
[2, 2, 2, 2, 2, 0, 0, 0, 2, 0]: 0: False
[2, 2, 2, 2, 0, 0, 0, 2, 0, 0]: 0: False
[2, 2, 2, 0, 0, 0, 2, 0, 0, 0]: 2: False
[2, 2, 0, 0, 0, 2, 0, 0, 0, 2]: 2: False
[2, 0, 0, 0, 2, 0, 0, 0, 2, 2]: 2: False
[0, 0, 0, 2, 0, 0, 0, 2, 2, 2]: 2: False
[0, 0, 2, 0, 0, 0, 2, 2, 2, 2]: 2: False
[0, 2, 0, 0, 0, 2, 2, 2, 2, 2]: 2: False
[2, 0, 0, 0, 2, 2, 2, 2, 2, 2]: 2: False
[0, 0, 0, 2, 2, 2, 2, 2, 2, 2]: 2: False
[0, 0, 2, 2, 2, 2, 2, 2, 2, 2]: 0: False
[0, 2, 2, 2, 2, 2, 2, 2, 2, 0]: 0: False
[2, 2, 2, 2, 2, 2, 2, 2, 0, 0]: 0: False
[2, 2, 2, 2, 2, 2, 2, 0, 0, 0]: 2: False
[2, 2, 2, 2, 2, 2, 0, 0, 0, 2]: 0: False
[2, 2, 2, 2, 2, 0, 0, 0, 2, 0]: 0: False
[2, 2, 2, 2, 0, 0, 0, 2, 0, 0]: 0: False
[2, 2, 2, 0, 0, 0, 2, 0, 0, 0]: 2: False
[2, 2, 0, 0, 0, 2, 0, 0, 0, 2]: 0: False
[2, 0, 0, 0, 2, 0, 0, 0, 2, 0]: 0: False
[0, 0, 0, 2, 0, 0, 0, 2, 0, 0]: 0: False
[0, 0, 2, 0, 0, 0, 2, 0, 0, 0]: 2: False
[0, 2, 0, 0, 0, 2, 0, 0, 0, 2]: 0: False
[2, 0, 0, 0, 2, 0, 0, 0, 2, 0]: 0: False
[0, 0, 0, 2, 0, 0, 0, 2, 0, 0]: 0: False
[0, 0, 2, 0, 0, 0, 2, 0, 0, 0]: 2: False
[0, 2, 0, 0, 0, 2, 0, 0, 0, 2]: 0: False
[2, 0, 0, 0, 2, 0, 0, 0, 2, 0]: 0: False
[0, 0, 0, 2, 0, 0, 0, 2, 0, 0]: 0: False
[0, 0, 2, 0, 0, 0, 2, 0, 0, 0]: 2: False
[0, 2, 0, 0, 0, 2, 0, 0, 0, 2]: 0: False
[2, 0, 0, 0, 2, 0, 0, 0, 2, 0]: 0: False
[0, 0, 0, 2, 0, 0, 0, 2, 0, 0]: 0: False
[0, 0, 2, 0, 0, 0, 2, 0, 0, 0]: 2: False
[0, 2, 0, 0, 0, 2, 0, 0, 0, 2]: 0: False
[2, 0, 0, 0, 2, 0, 0, 0, 2, 0]: 0: False
[0, 0, 0, 2, 0, 0, 0, 2, 0, 0]: 0: False
[0, 0, 2, 0, 0, 0, 2, 0, 0, 0]: 2: False
[0, 2, 0, 0, 0, 2, 0, 0, 0, 2]: 0: False
[2, 0, 0, 0, 2, 0, 0, 0, 2, 0]: 0: False
[0, 0, 0, 2, 0, 0, 0, 2, 0, 0]: 0: False
[0, 0, 2, 0, 0, 0, 2, 0, 0, 0]: 2: False
[0, 2, 0, 0, 0, 2, 0, 0, 0, 2]: 0: False
[2, 0, 0, 0, 2, 0, 0, 0, 2, 0]: 0: False
[0, 0, 0, 2, 0, 0, 0, 2, 0, 0]: 0: False
[0, 0, 2, 0, 0, 0, 2, 0, 0, 0]: 2: False
[0, 2, 0, 0, 0, 2, 0, 0, 0, 2]: 0: False
[2, 0, 0, 0, 2, 0, 0, 0, 2, 0]: 0: False
[0, 0, 0, 2, 0, 0, 0, 2, 0, 0]: 42: False
[59, 2, 2, 2, 2, 0, 2, 0, 2, 2]: 2: False
[2, 2, 2, 2, 0, 2, 0, 2, 2, 2]: 0: False
[2, 2, 2, 0, 2, 0, 2, 2, 2, 0]: 2: False
[2, 2, 0, 2, 0, 2, 2, 2, 0, 2]: 2: False
[2, 0, 2, 0, 2, 2, 2, 0, 2, 2]: 0: False
[0, 2, 0, 2, 2, 2, 0, 2, 2, 0]: 2: False
[2, 0, 2, 2, 2, 0, 2, 2, 0, 2]: 2: False
[0, 2, 2, 2, 0, 2, 2, 0, 2, 2]: 0: False
[2, 2, 2, 0, 2, 2, 0, 2, 2, 0]: 2: False
[2, 2, 0, 2, 2, 0, 2, 2, 0, 2]: 0: False
[2, 0, 2, 2, 0, 2, 2, 0, 2, 0]: 2: False
[0, 2, 2, 0, 2, 2, 0, 2, 0, 2]: 0: False
[2, 2, 0, 2, 2, 0, 2, 0, 2, 0]: 2: False
[2, 0, 2, 2, 0, 2, 0, 2, 0, 2]: 42: False
[0, 2, 2, 0, 2, 0, 2, 0, 2, 42]: 1: False
[2, 2, 0, 2, 0, 2, 0, 2, 42, 1]: 0: False
[2, 0, 2, 0, 2, 0, 2, 42, 1, 0]: 2: False
[0, 2, 0, 2, 0, 2, 42, 1, 0, 2]: 0: False
[2, 0, 2, 0, 2, 42, 1, 0, 2, 0]: 42: True
[0, 2, 0, 2, 42, 1, 0, 2, 0, 42]: 1: False
[2, 0, 2, 42, 1, 0, 2, 0, 42, 1]: 2: False
[0, 2, 42, 1, 0, 2, 0, 42, 1, 2]: 0: False
[2, 42, 1, 0, 2, 0, 42, 1, 2, 0]: 0: False
[0, 0, 2, 49, 1, 0, 42, 0, 0, 1]: 0: False
[0, 2, 49, 1, 0, 42, 0, 0, 1, 0]: 2: False
[2, 49, 1, 0, 42, 0, 0, 1, 0, 2]: 0: False
[49, 1, 0, 42, 0, 0, 1, 0, 2, 0]: 2: False
[1, 0, 42, 0, 0, 1, 0, 2, 0, 2]: 0: False
[0, 42, 0, 0, 1, 0, 2, 0, 2, 0]: 2: False
[42, 0, 0, 1, 0, 2, 0, 2, 0, 2]: 0: False
[0, 0, 1, 0, 2, 0, 2, 0, 2, 0]: 2: False
[0, 1, 0, 2, 0, 2, 0, 2, 0, 2]: 2: False
[1, 0, 2, 0, 2, 0, 2, 0, 2, 2]: 0: False
[0, 2, 0, 2, 0, 2, 0, 2, 2, 0]: 2: False
[2, 0, 2, 0, 2, 0, 2, 2, 0, 2]: 0: False
[0, 2, 0, 2, 0, 2, 2, 0, 2, 0]: 2: False
[2, 0, 2, 0, 2, 2, 0, 2, 0, 2]: 0: False
[0, 2, 0, 2, 2, 0, 2, 0, 2, 0]: 0: False
[2, 0, 2, 2, 0, 2, 0, 2, 0, 0]: 2: False
[0, 2, 2, 0, 2, 0, 2, 0, 0, 2]: 0: False
[2, 2, 0, 2, 0, 2, 0, 0, 2, 0]: 2: False
[2, 0, 2, 0, 2, 0, 0, 2, 0, 2]: 0: False
[0, 2, 0, 2, 0, 0, 2, 0, 2, 0]: 0: False
[2, 0, 2, 0, 0, 2, 0, 2, 0, 0]: 2: False
[0, 2, 0, 0, 2, 0, 2, 0, 0, 2]: 0: False
[2, 0, 0, 2, 0, 2, 0, 0, 2, 0]: 0: False
[0, 0, 2, 0, 2, 0, 0, 2, 0, 0]: 2: False
[0, 2, 0, 2, 0, 0, 2, 0, 0, 2]: 0: False
[2, 0, 2, 0, 0, 2, 0, 0, 2, 0]: 2: False
[0, 2, 0, 0, 2, 0, 0, 2, 0, 2]: 0: False
[2, 0, 0, 2, 0, 0, 2, 0, 2, 0]: 2: False
[0, 0, 2, 0, 0, 2, 0, 2, 0, 2]: 2: False
[0, 2, 0, 0, 2, 0, 2, 0, 2, 2]: 0: False
[2, 0, 0, 2, 0, 2, 0, 2, 2, 0]: 0: False
[0, 0, 2, 0, 2, 0, 2, 2, 0, 0]: 0: False
[0, 2, 0, 2, 0, 2, 2, 0, 0, 0]: 2: False
[2, 0, 2, 0, 2, 2, 0, 0, 0, 2]: 0: False
[0, 2, 0, 2, 2, 0, 0, 0, 2, 0]: 2: False
[2, 0, 2, 2, 0, 0, 0, 2, 0, 2]: 0: False
[0, 2, 2, 0, 0, 0, 2, 0, 2, 0]: 0: False
[2, 2, 0, 0, 0, 2, 0, 2, 0, 0]: 2: False
[2, 0, 0, 0, 2, 0, 2, 0, 0, 2]: 0: False
[0, 0, 0, 2, 0, 2, 0, 0, 2, 0]: 0: False
[0, 0, 2, 0, 2, 0, 0, 2, 0, 0]: 2: False
[0, 2, 0, 2, 0, 0, 2, 0, 0, 2]: 0: False
[2, 0, 2, 0, 0, 2, 0, 0, 2, 0]: 0: False
[0, 2, 0, 0, 2, 0, 0, 2, 0, 0]: 2: False
[2, 0, 0, 2, 0, 0, 2, 0, 0, 2]: 0: False
[0, 0, 2, 0, 0, 2, 0, 0, 2, 0]: 0: False
[0, 2, 0, 0, 2, 0, 0, 2, 0, 0]: 0: False
[2, 0, 0, 2, 0, 0, 2, 0, 0, 0]: 2: False
[0, 0, 2, 0, 0, 2, 0, 0, 0, 2]: 0: False
[0, 2, 0, 0, 2, 0, 0, 0, 2, 0]: 0: False
[2, 0, 0, 2, 0, 0, 0, 2, 0, 0]: 0: False
[0, 0, 2, 0, 0, 0, 2, 0, 0, 0]: 2: False
[0, 2, 0, 0, 0, 2, 0, 0, 0, 2]: 0: False
[2, 0, 0, 0, 2, 0, 0, 0, 2, 0]: 0: False
[0, 0, 0, 2, 0, 0, 0, 2, 0, 0]: 0: False
[0, 0, 2, 0, 0, 0, 2, 0, 0, 0]: 42: False
[0, 2, 0, 0, 0, 2, 0, 0, 0, 42]: 0: False
[2, 0, 0, 0, 2, 0, 0, 0, 42, 0]: 0: False
[0, 0, 0, 2, 0, 0, 0, 42, 0, 0]: 2: False
[0, 0, 2, 0, 0, 0, 42, 0, 0, 2]: 2: False
[0, 2, 0, 0, 0, 42, 0, 0, 2, 2]: 0: False
[2, 0, 0, 0, 42, 0, 0, 2, 2, 0]: 0: False
[0, 0, 0, 42, 0, 0, 2, 2, 0, 0]: 0: False
[0, 0, 42, 0, 0, 2, 2, 0, 0, 0]: 49: False
[0, 42, 0, 0, 2, 2, 0, 0, 0, 49]: 2: False
[42, 0, 0, 2, 2, 0, 0, 0, 49, 2]: 0: False
[0, 0, 2, 2, 0, 0, 0, 49, 2, 0]: 0: False
[1, 1, 1, 1, 1, 1, 1, 1, 1, 1]: 1: False
[1, 1, 1, 1, 1, 1, 1, 1, 1, 1]: 1: False
[0, 2, 2, 0, 0, 0, 49, 2, 0, 0]: 0: False
[2, 2, 0, 0, 0, 49, 2, 0, 0, 0]: 42: False
[2, 0, 0, 0, 49, 2, 0, 0, 0, 42]: 0: False
[0, 0, 0, 49, 2, 0, 0, 0, 42, 0]: 0: False
[0, 0, 49, 2, 0, 0, 0, 42, 0, 0]: 2: False
[0, 49, 2, 0, 0, 0, 42, 0, 0, 2]: 49: False
[49, 2, 0, 0, 0, 42, 0, 0, 2, 49]: 1: False
[59, 2, 2, 2, 2, 0, 2, 0, 2, 0]: 2: False
[2, 2, 2, 2, 0, 2, 0, 2, 0, 2]: 2: False
[2, 2, 2, 0, 2, 0, 2, 0, 2, 2]: 2: False
[2, 2, 0, 2, 0, 2, 0, 2, 2, 2]: 0: False
[2, 0, 2, 0, 2, 0, 2, 2, 2, 0]: 2: False
[0, 2, 0, 2, 0, 2, 2, 2, 0, 2]: 0: False
[2, 0, 2, 0, 2, 2, 2, 0, 2, 0]: 2: False
[0, 2, 0, 2, 2, 2, 0, 2, 0, 2]: 42: False
[1, 0, 1, 0, 0, 1, 0, 1, 0, 1]: 1: False
[2, 0, 2, 2, 2, 0, 2, 0, 2, 42]: 2: False
[0, 2, 2, 2, 0, 2, 0, 2, 42, 2]: 0: False
[2, 2, 2, 0, 2, 0, 2, 42, 2, 0]: 1: False
[2, 2, 0, 2, 0, 2, 42, 2, 0, 1]: 1: False
[2, 0, 2, 0, 2, 42, 2, 0, 1, 1]: 0: False
[0, 2, 0, 2, 42, 2, 0, 1, 1, 0]: 42: False
[2, 0, 2, 42, 2, 0, 1, 1, 0, 42]: 1: False
[0, 2, 42, 2, 0, 1, 1, 0, 42, 1]: 1: False
[2, 0, 0, 0, 42, 0, 0, 2, 49, 1]: 0: False
[0, 0, 0, 42, 0, 0, 2, 49, 1, 0]: 42: False
[0, 0, 42, 0, 0, 2, 49, 1, 0, 42]: 0: False
[0, 42, 0, 0, 2, 49, 1, 0, 42, 0]: 0: False
[42, 0, 0, 2, 49, 1, 0, 42, 0, 0]: 1: False
[2, 42, 2, 0, 1, 1, 0, 42, 1, 1]: 0: False
[42, 2, 0, 1, 1, 0, 42, 1, 1, 0]: 0: False
[2, 0, 1, 1, 0, 42, 1, 1, 0, 0]: 1: False
[0, 1, 1, 0, 42, 1, 1, 0, 0, 1]: 1: False
[0, 1, 0, 0, 1, 0, 1, 0, 1, 1]: 0: False
[1, 0, 0, 1, 0, 1, 0, 1, 1, 0]: 0: False
[0, 0, 1, 0, 1, 0, 1, 1, 0, 0]: 1: False
[1, 1, 0, 42, 1, 1, 0, 0, 1, 1]: 0: False
[1, 0, 42, 1, 1, 0, 0, 1, 1, 0]: 1: False
[0, 42, 1, 1, 0, 0, 1, 1, 0, 1]: 2: False
[42, 1, 1, 0, 0, 1, 1, 0, 1, 2]: 0: False
[1, 1, 0, 0, 1, 1, 0, 1, 2, 0]: 42: False
[1, 0, 0, 1, 1, 0, 1, 2, 0, 42]: 42: False
[0, 0, 1, 1, 0, 1, 2, 0, 42, 42]: 0: False
[0, 1, 1, 0, 1, 2, 0, 42, 42, 0]: 0: False
[0, 1, 0, 1, 0, 1, 1, 0, 0, 1]: 0: False
[0, 0, 2, 0, 0, 0, 2, 0, 0, 42]: 2: False
[0, 2, 0, 0, 0, 2, 0, 0, 42, 2]: 0: False
[2, 0, 0, 0, 2, 0, 0, 42, 2, 0]: 0: False
[0, 0, 0, 2, 0, 0, 42, 2, 0, 0]: 0: False
[0, 0, 2, 0, 0, 42, 2, 0, 0, 0]: 2: False
[0, 2, 0, 0, 42, 2, 0, 0, 0, 2]: 0: False
[2, 0, 0, 42, 2, 0, 0, 0, 2, 0]: 0: False
[0, 0, 42, 2, 0, 0, 0, 2, 0, 0]: 0: False
[0, 42, 2, 0, 0, 0, 2, 0, 0, 0]: 2: False
[42, 2, 0, 0, 0, 2, 0, 0, 0, 2]: 2: False
[2, 0, 0, 0, 2, 0, 0, 0, 2, 2]: 2: False
[0, 0, 0, 2, 0, 0, 0, 2, 2, 2]: 0: False
[0, 0, 2, 0, 0, 0, 2, 2, 2, 0]: 0: False
[0, 2, 0, 0, 0, 2, 2, 2, 0, 0]: 0: False
[2, 0, 0, 0, 2, 2, 2, 0, 0, 0]: 2: False
[0, 0, 0, 2, 2, 2, 0, 0, 0, 2]: 2: False
[0, 0, 2, 2, 2, 0, 0, 0, 2, 2]: 2: False
[0, 2, 2, 2, 0, 0, 0, 2, 2, 2]: 2: False
[2, 2, 2, 0, 0, 0, 2, 2, 2, 2]: 2: False
[2, 2, 0, 0, 0, 2, 2, 2, 2, 2]: 2: False
[2, 0, 0, 0, 2, 2, 2, 2, 2, 2]: 2: False
[0, 0, 0, 2, 2, 2, 2, 2, 2, 2]: 0: False
[0, 0, 2, 2, 2, 2, 2, 2, 2, 0]: 0: False
[0, 2, 2, 2, 2, 2, 2, 2, 0, 0]: 0: False
[2, 2, 2, 2, 2, 2, 2, 0, 0, 0]: 2: False
[2, 2, 2, 2, 2, 2, 0, 0, 0, 2]: 0: False
[2, 2, 2, 2, 2, 0, 0, 0, 2, 0]: 0: False
[2, 2, 2, 2, 0, 0, 0, 2, 0, 0]: 0: False
